"sender" "receiver"
1 274
1 449
1 457
1 564
2 417
2 459
2 500
2 549
3 13
3 168
3 194
3 260
3 507
3 521
3 631
4 29
4 57
4 59
4 77
4 109
4 203
4 209
4 262
4 305
4 428
4 453
4 460
4 512
4 516
5 64
5 79
5 82
5 181
5 268
5 284
5 310
5 316
5 369
5 408
5 413
5 519
5 604
6 60
6 193
6 229
6 233
6 369
6 440
6 475
6 535
6 538
6 613
7 302
7 354
7 428
7 482
7 495
7 641
8 83
8 114
8 159
8 232
8 426
8 427
8 444
8 471
8 482
8 576
8 581
8 598
9 251
9 300
9 350
9 397
9 422
9 601
10 143
10 187
10 293
10 397
10 445
10 502
10 626
11 20
11 40
11 57
11 161
11 182
11 203
11 231
11 328
11 353
11 642
12 44
12 95
12 344
12 346
12 385
12 393
12 546
13 168
13 255
13 260
13 429
13 438
13 452
13 521
13 631
14 28
14 32
14 56
14 153
14 217
14 235
14 241
14 293
14 497
14 502
14 506
15 45
15 106
15 196
15 295
15 297
15 464
15 471
15 578
15 613
16 72
16 81
16 121
16 162
16 210
16 266
16 375
16 387
16 392
16 414
16 535
16 555
16 646
16 656
17 24
17 47
17 297
17 314
17 451
17 501
17 587
18 72
18 100
18 175
18 181
18 334
18 335
18 351
18 375
18 383
18 389
18 393
18 658
19 22
19 25
19 65
19 74
19 263
19 298
19 543
19 554
19 561
19 643
20 24
20 68
20 178
20 202
20 215
20 220
20 393
20 499
20 617
21 24
21 48
21 57
21 107
21 267
21 363
21 364
21 385
21 386
21 553
21 562
21 595
21 606
22 43
22 74
22 487
22 543
23 86
23 126
23 309
23 360
24 25
24 80
24 226
24 230
24 480
24 543
24 576
24 635
25 43
25 74
25 213
25 239
25 502
25 543
25 619
25 634
26 79
26 144
26 408
26 624
27 149
27 165
27 305
27 419
27 448
27 451
27 505
28 153
28 189
28 233
28 293
28 588
28 646
29 113
29 198
29 209
29 305
29 406
29 512
29 608
30 74
30 96
30 213
30 263
30 361
30 368
30 508
30 537
30 643
31 55
31 76
31 188
31 199
31 218
31 256
31 451
31 459
31 464
31 538
31 597
31 618
32 56
32 99
32 124
32 134
32 143
32 206
32 214
32 356
33 60
33 83
33 141
33 189
33 246
33 291
33 327
33 338
33 378
33 426
33 454
33 490
33 513
33 519
33 528
33 557
33 562
33 581
33 632
34 44
34 76
34 77
34 135
34 198
34 238
34 299
34 357
34 394
34 418
34 471
34 482
34 587
34 592
35 139
35 188
35 258
35 297
35 314
35 371
35 388
35 453
35 458
35 585
35 633
36 39
36 71
36 414
36 425
37 356
37 507
38 433
38 459
38 552
38 584
39 94
39 295
39 416
39 629
40 66
40 174
40 182
40 219
40 276
40 328
40 391
40 398
40 521
40 656
41 503
41 641
42 77
42 177
42 220
42 233
42 315
42 325
42 355
43 74
43 132
43 357
43 469
43 480
43 502
43 543
43 554
43 619
44 46
44 79
44 82
44 111
44 186
44 393
44 402
44 435
45 199
45 243
45 251
45 338
45 359
45 447
45 503
46 76
46 111
46 182
46 308
46 486
47 91
47 132
47 230
47 262
47 269
47 290
47 314
47 319
47 330
47 350
47 480
47 489
47 637
48 179
48 189
48 261
48 265
48 359
48 364
48 390
48 548
48 554
48 615
49 99
49 473
50 100
50 141
50 192
50 270
50 586
50 593
51 53
51 118
51 121
51 153
51 157
51 225
51 329
51 445
51 567
51 587
51 646
52 173
52 343
52 361
53 67
53 72
53 84
53 225
53 329
53 375
53 644
54 66
54 111
54 162
54 186
54 201
54 212
54 229
54 325
54 334
54 361
54 511
54 535
54 623
54 647
54 656
55 163
55 218
55 254
55 385
55 430
55 464
55 540
56 110
56 124
56 153
56 236
56 241
56 309
56 445
56 460
56 470
56 487
56 628
57 106
57 141
57 161
57 180
57 215
57 327
57 369
57 519
58 392
58 443
58 518
58 555
58 625
59 289
60 75
60 129
60 130
60 162
60 229
60 233
60 291
60 362
60 371
60 420
60 570
60 575
60 581
61 532
62 107
62 207
62 277
62 349
62 399
62 461
62 526
62 616
63 140
63 254
63 259
63 275
63 318
63 450
63 491
63 556
63 565
63 595
64 108
64 115
64 177
64 276
64 284
64 310
64 370
64 393
64 408
64 421
64 452
64 546
64 604
65 253
65 254
65 298
65 318
65 325
65 446
65 462
65 473
65 532
65 556
65 639
66 81
66 111
66 220
66 229
66 287
66 375
66 535
66 656
67 72
67 84
67 225
67 237
67 329
68 202
68 215
68 285
68 563
68 617
68 625
69 128
69 313
69 367
69 410
69 419
69 523
69 657
70 163
70 266
70 291
70 343
70 346
70 358
70 438
70 616
70 652
71 105
72 84
72 334
72 351
72 365
72 375
72 545
72 567
72 658
73 139
73 166
73 226
73 258
74 128
74 279
74 298
74 302
74 485
74 497
74 543
74 554
74 559
74 597
75 88
75 100
75 138
75 172
75 182
75 186
75 192
75 200
75 220
75 229
75 233
75 257
75 270
75 287
75 292
75 370
75 372
75 383
75 511
75 545
75 572
75 602
75 623
75 639
76 114
76 140
76 260
76 463
76 482
76 641
77 252
77 256
77 395
77 453
77 495
77 517
78 214
78 589
79 147
79 154
79 274
79 382
79 413
79 443
79 604
79 619
80 635
81 159
81 228
81 275
81 529
81 531
81 541
81 579
81 582
81 584
81 604
81 652
82 103
82 172
82 186
82 201
82 210
82 212
82 240
82 264
82 413
82 443
82 456
82 544
82 604
82 647
82 655
83 207
83 222
83 386
83 438
83 468
83 513
83 581
83 632
83 644
84 176
84 225
84 237
84 351
84 387
84 505
84 592
85 297
85 323
85 581
85 610
86 401
86 433
86 471
87 141
87 159
87 202
87 228
87 270
87 343
87 401
87 433
87 563
87 586
87 645
88 111
88 117
88 440
88 525
89 135
89 142
89 261
89 424
89 562
90 296
90 299
90 464
90 519
90 565
90 600
91 471
91 490
91 587
91 589
91 590
91 591
92 152
92 289
92 296
92 312
92 605
93 156
93 553
93 606
94 152
94 357
94 416
94 539
94 610
94 629
94 638
95 136
95 144
95 158
95 225
95 308
95 329
95 331
95 336
95 421
95 457
95 479
95 508
95 518
95 567
95 571
96 336
96 475
97 136
97 192
97 252
97 268
97 370
97 420
97 547
97 564
97 567
97 571
97 575
97 596
97 604
98 323
98 338
98 551
98 610
99 255
99 353
99 417
99 517
99 565
99 598
100 131
100 147
100 192
100 197
100 264
100 276
100 335
100 383
100 499
100 656
101 107
101 131
101 192
101 208
101 224
101 261
101 497
101 565
101 595
102 119
102 139
102 248
102 388
102 394
102 501
103 104
103 131
103 164
103 201
103 432
103 438
103 544
103 564
103 597
103 652
103 655
104 173
104 438
104 597
105 106
105 209
105 414
105 448
105 471
105 522
106 265
106 349
106 381
106 450
106 459
106 575
106 613
107 203
107 311
107 497
107 636
108 131
108 197
108 225
108 356
108 381
108 405
108 409
108 459
108 584
108 620
108 646
108 656
109 230
109 290
110 296
110 299
110 356
110 468
111 182
111 308
111 358
111 455
111 535
111 560
111 593
111 616
111 656
112 169
112 185
112 227
112 268
112 276
112 310
112 383
112 507
112 567
112 571
112 655
113 423
113 444
113 472
113 548
113 549
113 606
114 163
114 423
114 438
114 444
114 468
114 488
115 117
115 267
115 276
115 310
115 408
115 423
115 436
115 452
115 520
115 566
115 604
116 121
116 185
116 263
116 264
116 423
116 457
116 544
116 598
116 643
117 510
117 601
118 131
118 252
118 572
118 646
119 149
119 185
119 228
119 248
119 289
119 371
119 391
119 519
119 527
119 591
120 121
120 131
120 366
120 487
120 552
120 582
121 131
121 197
121 203
121 351
121 372
121 375
121 411
121 435
121 497
121 646
122 345
122 354
122 355
122 384
122 411
122 429
122 438
122 495
122 564
122 568
123 133
123 282
123 451
123 559
123 657
124 143
124 272
124 522
124 620
125 151
125 193
125 367
125 376
125 379
125 383
125 410
125 419
125 422
125 459
125 465
125 505
125 537
126 156
126 328
126 455
126 471
126 480
126 523
127 137
127 265
127 338
127 347
127 374
127 550
127 557
127 558
127 636
128 130
128 193
128 213
128 361
128 367
128 422
128 445
128 450
128 504
128 550
129 143
129 267
129 294
129 342
129 386
129 467
129 479
129 492
129 565
130 134
130 189
130 201
130 203
130 229
130 290
130 327
130 382
130 519
130 526
130 556
131 162
131 197
131 244
131 266
131 452
131 471
131 499
131 603
131 609
131 646
131 656
132 133
132 210
132 238
132 319
132 388
132 477
132 506
133 282
133 503
133 526
134 143
134 446
134 468
134 509
134 532
134 556
135 143
135 213
135 519
135 526
135 531
135 538
135 550
135 576
135 649
136 210
136 268
136 316
136 324
136 432
136 567
136 571
136 604
137 203
137 265
137 347
137 361
137 401
137 450
137 537
138 186
138 192
138 220
138 224
138 270
138 287
138 348
138 355
138 557
138 623
139 188
139 195
139 371
139 391
139 458
139 585
140 243
140 260
140 281
140 307
140 336
140 347
140 439
140 561
140 605
140 649
140 650
141 220
141 221
141 229
141 252
141 270
141 300
141 348
141 371
141 419
141 473
141 475
141 499
141 535
141 576
141 586
141 591
142 210
142 424
142 432
142 456
142 560
143 163
143 183
143 234
143 249
143 350
144 158
144 331
144 361
144 468
144 485
144 630
144 639
145 148
146 154
146 252
146 336
146 494
146 516
146 611
146 613
146 621
147 165
147 169
147 192
147 264
147 306
147 335
147 340
147 382
147 462
147 499
147 563
147 596
148 163
148 167
148 224
148 354
148 434
148 438
149 215
149 248
149 348
149 391
149 419
149 560
149 591
150 167
150 174
151 173
151 379
151 381
151 459
152 156
152 232
152 312
152 447
152 539
152 605
152 614
152 638
153 157
153 241
153 293
153 366
153 502
154 181
154 201
154 212
154 244
154 373
154 413
154 456
154 544
154 555
154 620
154 623
155 241
155 303
155 399
155 440
155 471
155 511
155 561
155 611
155 612
156 336
156 501
156 522
156 610
157 396
157 521
158 331
158 363
158 493
159 202
159 295
159 304
159 305
159 323
159 386
159 427
159 428
159 432
159 433
159 529
159 560
159 579
159 583
159 591
159 610
159 617
160 194
160 306
160 507
161 180
161 303
161 327
161 394
161 611
162 192
162 200
162 229
162 244
162 266
162 285
162 287
162 325
162 375
162 396
162 511
162 609
162 646
163 438
163 444
164 201
164 212
164 331
164 413
164 604
164 647
165 176
165 237
165 388
166 191
166 226
166 232
166 236
166 241
166 242
166 258
166 269
166 425
166 501
166 629
167 213
167 286
167 319
167 431
167 515
168 260
168 507
168 630
168 649
169 181
169 279
169 298
169 317
169 398
169 480
169 564
170 181
170 544
170 658
171 222
171 467
171 562
171 619
172 210
172 245
172 275
172 297
172 342
172 366
172 552
172 572
172 583
172 620
172 649
172 650
173 191
173 245
173 598
173 614
174 219
174 413
174 432
174 521
175 369
175 441
176 237
176 238
176 351
176 387
176 505
176 592
177 221
177 278
177 355
177 393
177 616
178 557
179 476
179 616
179 635
180 182
180 215
180 328
180 353
180 455
181 210
181 229
181 273
181 358
181 432
181 443
181 518
181 544
181 604
181 639
181 655
182 186
182 353
182 398
182 401
182 455
182 560
182 579
183 194
183 235
183 241
183 249
183 281
183 458
183 506
184 262
184 313
184 367
184 460
184 550
184 558
185 263
185 385
185 430
185 520
185 535
186 192
186 202
186 229
186 252
186 266
186 325
186 436
186 499
186 511
186 569
186 623
186 625
187 191
187 279
187 298
187 395
187 506
187 642
188 251
188 297
188 314
188 388
188 453
188 458
188 512
188 589
188 633
189 265
189 292
189 355
189 390
189 471
189 514
189 526
190 258
190 521
191 227
191 235
191 236
191 241
191 294
191 431
192 257
192 391
192 499
192 596
192 601
192 602
192 639
192 645
193 277
193 537
193 558
194 259
194 394
194 404
194 411
194 507
194 546
194 601
195 219
195 392
195 426
195 452
195 576
196 303
196 357
197 257
197 267
197 275
197 291
197 380
197 381
197 572
197 646
198 199
198 209
198 314
198 357
198 394
198 406
198 503
198 542
198 618
199 307
199 326
199 407
199 464
199 496
199 498
199 503
200 240
200 244
200 257
200 266
200 334
200 370
200 452
200 545
200 562
200 584
200 609
200 652
200 658
201 210
201 212
201 244
201 382
201 413
201 432
201 435
201 443
201 456
201 462
201 544
201 555
201 594
201 623
201 647
201 655
201 656
202 205
202 221
202 251
202 278
202 292
202 297
202 393
202 401
202 560
202 625
202 645
203 231
203 290
203 303
203 311
203 347
203 519
204 432
204 435
204 443
204 544
204 647
205 215
205 265
205 310
205 349
205 401
205 423
205 531
206 225
206 293
206 298
206 317
206 350
206 409
206 485
206 603
207 221
207 265
207 315
207 366
207 542
207 632
207 642
208 497
208 538
208 588
209 394
209 406
209 489
209 496
209 503
210 212
210 219
210 270
210 335
210 432
210 544
210 555
210 582
210 594
210 609
210 619
210 639
210 643
210 647
210 655
211 271
211 362
212 244
212 268
212 327
212 373
212 462
212 544
212 594
212 609
212 647
213 263
213 268
213 457
213 462
213 606
213 643
214 230
214 292
214 299
214 333
214 357
214 470
214 529
214 633
215 318
215 329
215 349
215 367
215 371
215 401
215 468
215 563
216 243
216 480
217 235
217 293
217 450
217 465
217 509
217 558
218 618
218 619
219 244
219 258
219 344
219 373
219 433
219 436
219 511
219 527
219 602
220 444
220 569
221 252
221 353
221 366
221 369
221 455
221 475
221 535
221 596
222 247
222 338
222 384
222 405
222 468
222 488
222 513
222 580
222 598
222 632
223 574
223 630
224 227
224 580
224 649
224 650
225 275
225 329
225 409
226 235
226 242
226 269
226 425
226 486
226 501
227 449
227 488
227 525
227 573
227 578
227 580
227 598
228 242
228 304
228 380
228 423
228 427
228 428
228 433
228 529
228 560
228 579
229 233
229 291
229 292
229 325
229 359
229 370
229 442
229 545
229 569
230 232
230 251
230 269
230 290
230 345
230 489
230 605
230 606
230 637
231 290
231 299
231 506
231 533
231 561
231 580
231 642
232 427
232 484
233 287
233 291
233 292
233 325
233 359
233 372
233 442
233 511
233 545
233 569
233 609
233 623
235 236
235 241
235 242
235 258
235 327
236 450
236 598
237 238
237 334
237 351
237 375
237 387
237 412
237 505
237 527
238 313
238 319
238 375
238 387
238 388
238 443
238 587
238 592
238 617
239 368
239 493
239 508
239 530
239 634
240 261
240 348
240 392
240 396
240 439
240 456
240 544
240 555
240 564
240 602
241 281
241 462
241 558
242 305
242 425
242 481
242 587
243 390
243 527
243 605
244 287
244 334
244 456
244 527
244 545
244 555
244 562
244 584
244 609
244 623
244 647
244 658
245 317
245 349
245 457
246 285
246 519
246 575
246 581
247 407
247 613
248 262
248 289
248 391
249 582
250 252
250 285
250 450
250 550
250 563
250 625
250 639
250 645
250 657
250 658
251 395
251 487
251 517
251 600
251 619
252 420
252 440
252 547
252 569
252 601
253 254
253 294
253 510
253 518
254 256
254 510
254 639
255 286
255 415
255 429
255 483
255 632
256 404
256 437
256 540
257 334
257 372
257 452
257 569
257 623
258 388
258 394
258 421
258 458
258 501
258 521
259 546
259 572
259 595
259 649
260 347
260 431
260 442
260 452
260 564
260 646
261 364
261 390
261 502
261 526
261 533
262 321
262 369
262 374
262 422
262 441
262 460
262 475
262 535
263 268
263 279
263 298
263 485
263 573
263 624
263 626
263 643
264 297
264 306
264 335
264 393
264 435
264 443
264 544
264 596
265 277
265 338
265 347
265 374
265 419
265 537
265 557
265 558
266 348
266 396
266 584
266 595
266 603
266 609
266 620
266 652
267 358
267 380
267 386
267 478
268 276
268 322
268 368
268 382
268 420
268 462
268 485
268 499
268 567
268 571
268 604
268 639
268 643
268 647
269 290
269 347
269 458
269 501
270 335
270 393
270 456
270 569
270 586
270 623
271 290
271 550
271 615
272 315
273 277
273 285
273 370
273 570
274 276
274 310
274 322
274 408
274 423
274 449
274 520
274 566
274 571
274 594
274 604
275 318
275 409
275 598
276 284
276 310
276 382
276 383
276 408
276 439
276 571
276 604
277 285
277 518
278 292
278 315
278 383
278 393
278 418
278 549
278 616
279 298
279 573
279 642
280 290
280 299
280 425
280 489
280 525
280 596
281 347
281 390
281 445
281 458
281 465
281 471
281 558
282 451
282 559
282 597
283 318
283 361
283 404
283 405
283 451
283 565
283 582
283 641
284 310
284 368
284 382
284 408
284 435
284 567
284 599
284 604
285 570
286 342
286 384
286 415
286 434
286 483
287 292
287 327
287 435
287 545
287 596
287 623
287 647
288 368
288 435
288 563
288 573
288 639
289 295
289 319
289 330
289 391
289 471
289 495
289 550
290 303
290 418
290 431
290 439
290 480
290 489
290 533
290 536
290 554
291 349
291 420
291 486
291 547
291 581
291 655
292 348
292 383
292 401
293 329
293 362
293 366
293 412
293 491
293 497
293 588
293 603
293 620
294 473
294 489
294 528
294 637
295 357
295 522
295 605
295 608
295 627
295 638
296 299
296 367
296 412
296 470
297 314
297 339
297 371
297 407
297 453
297 512
298 485
298 573
298 601
298 643
299 469
299 487
299 522
299 531
299 538
299 551
299 635
300 301
300 307
300 311
300 604
300 636
301 307
301 311
301 561
301 636
302 321
302 336
302 361
302 494
302 612
303 304
303 318
303 347
303 367
303 608
305 316
305 341
305 418
305 426
305 453
305 579
305 585
305 587
306 335
306 435
307 416
307 474
307 486
307 496
307 500
307 503
307 548
307 636
308 324
308 386
308 471
308 560
309 323
309 360
309 441
309 470
310 377
310 408
310 421
310 423
310 449
310 510
310 520
310 566
310 604
311 407
311 468
311 488
311 498
311 503
311 618
311 636
313 367
313 387
314 395
314 407
314 453
314 455
314 477
314 542
315 607
316 322
316 348
316 484
316 571
316 604
317 355
317 358
317 486
317 603
318 336
318 491
318 561
318 565
318 641
319 341
319 350
319 388
319 453
319 514
319 648
320 354
320 384
321 336
321 415
321 460
322 324
322 368
322 462
323 401
323 585
323 610
324 362
324 452
324 520
324 566
324 583
325 467
325 511
325 569
325 656
325 658
326 461
326 524
327 372
327 407
327 413
327 581
327 647
328 418
328 504
328 512
328 523
328 584
329 362
329 450
329 505
329 580
330 344
330 347
330 350
330 417
330 481
330 526
330 531
330 536
331 413
331 594
331 604
332 350
332 352
332 431
332 477
333 374
333 470
334 372
334 452
334 562
334 658
335 382
335 555
335 569
336 340
336 385
336 457
336 475
336 479
336 494
336 522
336 565
336 613
336 624
337 353
337 374
337 376
337 377
337 441
337 448
337 470
337 611
338 481
338 488
338 557
338 558
339 383
339 393
339 397
341 349
341 555
341 576
342 523
342 649
343 386
343 403
343 625
344 494
345 346
345 507
345 568
345 605
345 631
346 347
346 392
346 396
346 402
346 521
347 350
347 390
347 419
347 450
347 458
347 527
347 557
347 558
348 383
348 393
348 560
348 564
348 584
349 388
349 400
349 403
349 551
349 588
349 595
350 390
350 395
350 407
350 481
350 500
350 606
351 375
351 530
351 590
351 593
352 378
352 454
352 528
352 584
352 620
353 455
354 384
354 428
354 429
354 438
354 528
355 514
355 603
355 625
356 424
357 525
358 380
358 386
358 391
358 413
358 438
358 461
358 490
358 560
358 570
358 654
359 434
359 498
359 503
359 524
359 615
359 653
360 377
360 441
360 523
361 368
361 457
361 488
361 528
361 580
362 522
363 423
363 490
363 588
364 553
364 583
364 606
364 642
365 502
367 376
367 410
367 419
367 450
367 550
367 558
367 657
368 413
368 435
368 485
368 571
368 639
368 643
369 426
369 441
369 519
369 588
370 393
370 420
370 462
370 499
370 571
370 606
370 625
370 652
371 441
371 484
371 575
371 585
371 648
372 383
372 511
372 545
372 564
372 569
372 607
372 609
372 623
373 378
373 454
373 457
373 620
374 376
374 377
374 441
374 448
374 470
375 387
375 545
375 567
375 590
375 646
376 410
376 441
376 550
377 523
378 405
378 443
378 454
378 513
379 381
379 412
379 465
379 505
380 386
380 427
380 543
380 560
381 419
381 459
381 505
382 408
382 413
382 462
382 552
382 624
383 389
383 575
383 610
383 656
384 415
384 483
384 565
385 428
385 430
385 451
385 467
385 552
386 403
386 427
386 560
386 564
386 570
386 632
387 505
387 649
387 650
389 547
389 577
389 595
389 599
390 468
390 605
390 653
391 395
391 396
392 396
392 436
392 555
392 568
392 593
392 620
393 499
393 586
393 645
395 448
395 453
395 484
395 517
396 411
396 436
396 568
396 603
396 620
396 651
397 445
399 510
399 616
400 601
401 427
401 433
401 450
401 471
401 484
401 529
401 550
401 579
401 586
401 591
402 605
403 447
404 411
404 437
404 449
404 507
405 409
405 449
405 513
405 568
405 582
406 629
407 425
407 453
407 474
407 618
408 413
408 423
408 604
408 624
409 564
410 419
410 460
410 547
410 558
410 657
411 476
411 507
411 568
411 611
411 651
412 422
412 450
412 459
412 468
412 491
412 646
413 518
413 594
413 604
413 655
415 483
417 500
417 517
418 460
418 474
418 503
418 504
419 450
419 459
419 537
419 558
420 440
420 462
420 518
420 547
420 596
420 613
421 442
421 494
421 529
421 575
421 587
421 591
421 604
422 460
422 537
423 444
423 490
423 624
425 559
426 452
426 486
426 576
426 581
426 599
427 492
427 529
427 560
427 591
427 617
428 440
428 444
428 549
429 438
429 631
430 449
430 451
431 489
432 443
432 456
432 594
432 655
433 499
433 510
435 443
435 456
435 594
435 640
435 643
435 647
436 443
437 444
437 528
437 552
438 528
438 535
438 632
438 652
439 442
439 473
439 542
439 548
440 454
440 486
440 511
440 525
440 547
440 578
440 601
440 628
441 448
441 460
441 484
441 648
442 473
442 548
442 582
443 454
443 456
443 604
444 488
444 528
444 641
445 450
445 465
446 532
446 556
447 489
447 522
447 637
448 475
448 633
449 564
449 566
450 491
450 505
450 557
450 558
450 563
450 572
450 645
450 657
452 520
452 576
453 458
453 525
453 585
453 587
453 633
454 513
454 575
455 617
456 655
457 508
457 530
457 567
458 465
458 633
459 465
459 466
459 573
459 646
460 648
461 463
461 464
461 512
461 616
461 654
462 466
462 567
462 571
462 639
462 643
463 472
463 616
464 498
464 503
464 564
464 618
465 502
465 585
466 537
466 567
467 574
467 598
467 608
467 630
467 632
468 530
468 556
468 558
468 632
469 473
469 556
471 484
471 507
471 576
471 579
471 605
472 549
473 489
473 528
473 619
473 637
474 476
474 496
474 549
474 635
475 494
475 495
475 499
475 535
475 611
476 548
478 577
481 486
481 488
481 504
482 534
482 601
482 641
484 532
484 581
484 648
485 630
485 643
487 536
487 577
488 580
488 583
488 601
489 552
489 619
489 637
490 494
490 581
490 611
491 646
492 517
492 529
492 591
494 611
495 611
496 503
496 549
497 541
497 543
497 588
498 504
499 527
499 563
499 586
499 645
499 656
502 533
502 536
502 543
503 616
504 519
504 526
506 642
507 630
507 631
508 520
508 566
508 630
508 639
510 624
511 569
511 602
511 623
511 655
511 656
512 565
512 582
512 598
512 616
513 557
513 581
513 632
514 625
517 576
517 599
518 555
518 625
519 561
519 575
520 566
520 592
521 654
522 627
522 628
522 637
526 553
526 640
527 638
528 530
528 576
528 598
528 613
529 579
529 591
529 617
530 630
530 634
532 556
533 553
535 617
537 558
537 643
538 542
538 550
540 559
540 574
540 597
543 554
543 640
544 564
544 647
544 655
545 609
546 557
546 623
547 569
547 596
548 606
548 616
548 635
549 635
550 635
550 636
550 657
551 591
552 598
553 564
553 606
553 640
554 561
555 602
555 623
555 658
561 637
561 648
563 593
563 645
563 658
564 570
564 599
564 602
564 655
565 588
565 641
565 650
567 571
567 604
569 623
572 600
573 643
574 597
574 619
575 581
575 596
575 654
576 599
577 648
580 598
583 656
584 649
584 652
586 593
586 645
587 648
588 603
591 617
591 645
592 620
594 647
596 645
597 598
598 632
598 635
599 648
602 623
602 655
602 656
605 637
607 616
608 627
608 629
611 651
613 615
615 622
630 639
639 644
645 658
