"cls_id" "cls_date" "send_col" "receive_col" "time_estimate_col" "type_col" "time_col" "private_col" "social_col" "public_task_col" "private_task_col" "public_social_col" "private_social_col" "question_col" "answer_col" "teach_talk_col" "to_all_col" "from_all_col" "hand_col" "sanction_col" "praise_col" "right_col" "wrong_col" "cheat_col" "joke_col"
182 "4/7/97" 12 1 0.25 3 5 "0" 1 0 0 1 0 0 0 1 1 0 0 1 0 0 0 0 0
182 "4/7/97" 12 2 0.25 3 5 "0" 1 0 0 1 0 0 0 1 1 0 0 1 0 0 0 0 0
182 "4/7/97" 12 3 0.25 3 5 "0" 1 0 0 1 0 0 0 1 1 0 0 1 0 0 0 0 0
182 "4/7/97" 12 4 0.25 3 5 "0" 1 0 0 1 0 0 0 1 1 0 0 1 0 0 0 0 0
182 "4/7/97" 12 5 0.25 3 5 "0" 1 0 0 1 0 0 0 1 1 0 0 1 0 0 0 0 0
182 "4/7/97" 12 6 0.25 3 5 "0" 1 0 0 1 0 0 0 1 1 0 0 1 0 0 0 0 0
182 "4/7/97" 12 7 0.25 3 5 "0" 1 0 0 1 0 0 0 1 1 0 0 1 0 0 0 0 0
182 "4/7/97" 12 8 0.25 3 5 "0" 1 0 0 1 0 0 0 1 1 0 0 1 0 0 0 0 0
182 "4/7/97" 12 9 0.25 3 5 "0" 1 0 0 1 0 0 0 1 1 0 0 1 0 0 0 0 0
182 "4/7/97" 12 10 0.25 3 5 "0" 1 0 0 1 0 0 0 1 1 0 0 1 0 0 0 0 0
182 "4/7/97" 12 11 0.25 3 5 "0" 1 0 0 1 0 0 0 1 1 0 0 1 0 0 0 0 0
182 "4/7/97" 12 15 0.25 3 5 "0" 1 0 0 1 0 0 0 1 1 0 0 1 0 0 0 0 0
182 "4/7/97" 12 14 0.25 3 5 "0" 1 0 0 1 0 0 0 1 1 0 0 1 0 0 0 0 0
182 "4/7/97" 12 13 0.25 3 5 "0" 1 0 0 1 0 0 0 1 1 0 0 1 0 0 0 0 0
182 "4/7/97" 12 16 0.25 3 5 "0" 1 0 0 1 0 0 0 1 1 0 0 1 0 0 0 0 0
182 "4/7/97" 12 17 0.25 3 5 "0" 1 0 0 1 0 0 0 1 1 0 0 1 0 0 0 0 0
182 "4/7/97" 12 18 0.25 3 5 "0" 1 0 0 1 0 0 0 1 1 0 0 1 0 0 0 0 0
182 "4/7/97" 11 3 0.417 3 5 "1" 1 0 0 0 1 0 0 0 0 0 0 0 0 0 0 0 0
182 "4/7/97" 3 11 0.5 3 5 "1" 1 0 0 0 1 0 0 0 0 0 0 0 0 0 0 0 0
182 "4/7/97" 11 3 0.583 3 5 "1" 1 0 0 0 1 0 0 0 0 0 0 0 0 0 0 0 0
182 "4/7/97" 3 11 0.667 3 5 "1" 1 0 0 0 1 0 0 0 0 0 0 0 0 0 0 0 0
182 "4/7/97" 6 8 0.75 3 5 "1" 1 0 0 0 1 0 0 0 0 0 0 0 0 0 0 0 0
182 "4/7/97" 8 6 0.833 3 5 "1" 1 0 0 0 1 0 0 0 0 0 0 0 0 0 0 0 0
182 "4/7/97" 17 3 1.167 3 5 "0" 1 0 0 1 0 0 0 0 0 0 0 0 0 0 0 0 0
182 "4/7/97" 3 1 1.25 3 5 "0" 1 0 0 1 0 0 0 0 1 0 0 0 0 0 0 0 0
182 "4/7/97" 3 2 1.25 3 5 "0" 1 0 0 1 0 0 0 0 1 0 0 0 0 0 0 0 0
182 "4/7/97" 3 4 1.25 3 5 "0" 1 0 0 1 0 0 0 0 1 0 0 0 0 0 0 0 0
182 "4/7/97" 3 5 1.25 3 5 "0" 1 0 0 1 0 0 0 0 1 0 0 0 0 0 0 0 0
182 "4/7/97" 3 6 1.25 3 5 "0" 1 0 0 1 0 0 0 0 1 0 0 0 0 0 0 0 0
182 "4/7/97" 3 7 1.25 3 5 "0" 1 0 0 1 0 0 0 0 1 0 0 0 0 0 0 0 0
182 "4/7/97" 3 8 1.25 3 5 "0" 1 0 0 1 0 0 0 0 1 0 0 0 0 0 0 0 0
182 "4/7/97" 3 9 1.25 3 5 "0" 1 0 0 1 0 0 0 0 1 0 0 0 0 0 0 0 0
182 "4/7/97" 3 10 1.25 3 5 "0" 1 0 0 1 0 0 0 0 1 0 0 0 0 0 0 0 0
182 "4/7/97" 3 11 1.25 3 5 "0" 1 0 0 1 0 0 0 0 1 0 0 0 0 0 0 0 0
182 "4/7/97" 3 12 1.25 3 5 "0" 1 0 0 1 0 0 0 0 1 0 0 0 0 0 0 0 0
182 "4/7/97" 3 15 1.25 3 5 "0" 1 0 0 1 0 0 0 0 1 0 0 0 0 0 0 0 0
182 "4/7/97" 3 14 1.25 3 5 "0" 1 0 0 1 0 0 0 0 1 0 0 0 0 0 0 0 0
182 "4/7/97" 3 13 1.25 3 5 "0" 1 0 0 1 0 0 0 0 1 0 0 0 0 0 0 0 0
182 "4/7/97" 3 16 1.25 3 5 "0" 1 0 0 1 0 0 0 0 1 0 0 0 0 0 0 0 0
182 "4/7/97" 3 17 1.25 3 5 "0" 1 0 0 1 0 0 0 0 1 0 0 0 0 0 0 0 0
182 "4/7/97" 3 18 1.25 3 5 "0" 1 0 0 1 0 0 0 0 1 0 0 0 0 0 0 0 0
182 "4/7/97" 8 6 1.333 3 5 "1" 1 0 0 0 1 0 0 0 0 0 0 0 0 0 0 0 0
182 "4/7/97" 6 8 1.417 3 5 "1" 1 0 0 0 1 0 0 0 0 0 0 0 0 0 0 0 0
182 "4/7/97" 11 3 1.5 3 5 "1" 1 0 0 0 1 0 0 0 0 0 0 0 0 0 0 0 0
182 "4/7/97" 3 11 1.583 3 5 "1" 1 0 0 0 1 0 0 0 0 0 0 0 0 0 0 0 0
182 "4/7/97" 7 1 1.75 3 5 "1" 1 0 0 0 1 0 0 0 0 0 0 0 0 0 0 0 0
182 "4/7/97" 1 7 1.833 3 5 "1" 1 0 0 0 1 0 0 0 0 0 0 0 0 0 0 0 0
182 "4/7/97" 11 3 2.25 3 5 "1" 1 0 0 0 1 0 0 0 0 0 0 0 0 0 0 0 0
182 "4/7/97" 3 11 2.333 3 5 "1" 1 0 0 0 1 0 0 0 0 0 0 0 0 0 0 0 0
182 "4/7/97" 14 4 2.417 3 5 "1" 1 0 0 0 1 0 0 0 0 0 0 0 0 0 0 0 0
182 "4/7/97" 4 14 2.5 3 5 "1" 1 0 0 0 1 0 0 0 0 0 0 0 0 0 0 0 0
182 "4/7/97" 4 18 2.583 3 5 "1" 1 0 0 0 1 0 0 0 0 0 0 0 0 0 0 0 0
182 "4/7/97" 18 4 2.667 3 5 "1" 1 0 0 0 1 0 0 0 0 0 0 0 0 0 0 0 0
182 "4/7/97" 14 18 2.75 3 5 "1" 1 0 0 0 1 0 0 0 0 0 0 0 0 0 0 0 0
182 "4/7/97" 18 14 2.833 3 5 "1" 1 0 0 0 1 0 0 0 0 0 0 0 0 0 0 0 0
182 "4/7/97" 9 15 2.917 3 5 "1" 1 0 0 0 1 0 0 0 0 0 0 0 0 0 0 0 0
182 "4/7/97" 15 9 3 3 5 "1" 1 0 0 0 1 0 0 0 0 0 0 0 0 0 0 0 0
182 "4/7/97" 9 15 3.083 3 5 "1" 1 0 0 0 1 0 0 0 0 0 0 0 0 0 0 0 0
182 "4/7/97" 15 9 3.167 3 5 "1" 1 0 0 0 1 0 0 0 0 0 0 0 0 0 0 0 0
182 "4/7/97" 11 3 3.583 3 5 "0" 1 0 0 1 0 0 0 0 0 0 0 0 0 0 0 0 0
182 "4/7/97" 3 11 3.667 3 5 "0" 1 0 0 1 0 0 0 0 0 0 0 0 0 0 0 0 0
182 "4/7/97" 1 7 3.75 3 5 "1" 1 0 0 0 1 0 0 0 0 0 0 0 0 0 0 0 0
182 "4/7/97" 7 1 3.833 3 5 "1" 1 0 0 0 1 0 0 0 0 0 0 0 0 0 0 0 0
182 "4/7/97" 3 11 4 3 5 "1" 1 0 0 0 1 0 0 0 0 0 0 0 0 0 0 0 0
182 "4/7/97" 11 3 4.083 3 5 "1" 1 0 0 0 1 0 0 0 0 0 0 0 0 0 0 0 0
182 "4/7/97" 9 15 4.167 3 5 "1" 1 0 0 0 1 0 0 0 0 0 0 0 0 0 0 0 0
182 "4/7/97" 15 9 4.25 3 5 "1" 1 0 0 0 1 0 0 0 0 0 0 0 0 0 0 0 0
182 "4/7/97" 9 15 4.333 3 5 "1" 1 0 0 0 1 0 0 0 0 0 0 0 0 0 0 0 0
182 "4/7/97" 15 9 4.417 3 5 "1" 1 0 0 0 1 0 0 0 0 0 0 0 0 0 0 0 0
182 "4/7/97" 1 7 4.5 3 5 "1" 1 0 0 0 1 0 0 0 0 0 0 0 0 0 0 0 0
182 "4/7/97" 7 1 4.583 3 5 "1" 1 0 0 0 1 0 0 0 0 0 0 0 0 0 0 0 0
182 "4/7/97" 1 7 4.667 3 5 "1" 1 0 0 0 1 0 0 0 0 0 0 0 0 0 0 0 0
182 "4/7/97" 7 1 4.75 3 5 "1" 1 0 0 0 1 0 0 0 0 0 0 0 0 0 0 0 0
182 "4/7/97" 8 6 4.917 3 5 "1" 1 0 0 0 1 0 0 0 0 0 0 0 0 0 0 0 0
182 "4/7/97" 14 18 5.172 3 10 "1" 1 0 0 0 1 0 0 0 0 0 0 0 0 0 0 0 0
182 "4/7/97" 3 11 5.287 3 10 "1" 1 0 0 0 1 0 0 0 0 0 0 0 0 0 0 0 0
182 "4/7/97" 11 3 5.345 3 10 "1" 1 0 0 0 1 0 0 0 0 0 0 0 0 0 0 0 0
182 "4/7/97" 1 7 5.402 3 10 "1" 1 0 0 0 1 0 0 0 0 0 0 0 0 0 0 0 0
182 "4/7/97" 7 1 5.46 3 10 "1" 1 0 0 0 1 0 0 0 0 0 0 0 0 0 0 0 0
182 "4/7/97" 9 15 5.517 3 10 "1" 1 0 0 0 1 0 0 0 0 0 0 0 0 0 0 0 0
182 "4/7/97" 15 9 5.575 3 10 "1" 1 0 0 0 1 0 0 0 0 0 0 0 0 0 0 0 0
182 "4/7/97" 7 1 5.805 3 10 "0" 1 0 0 1 0 0 0 0 0 0 0 0 0 0 0 0 0
182 "4/7/97" 1 7 5.862 3 10 "0" 1 0 0 1 0 0 0 0 0 0 0 0 0 0 0 0 0
182 "4/7/97" 7 1 5.92 3 10 "0" 1 0 0 1 0 0 0 0 0 0 0 0 0 0 0 0 0
182 "4/7/97" 1 7 5.977 3 10 "0" 1 0 0 1 0 0 0 0 0 0 0 0 0 0 0 0 0
182 "4/7/97" 11 3 6.034 3 10 "0" 1 0 0 1 0 0 0 0 0 0 0 0 0 0 0 0 0
182 "4/7/97" 3 11 6.092 3 10 "0" 1 0 0 1 0 0 0 0 0 0 0 0 0 0 0 0 0
182 "4/7/97" 11 3 6.149 3 10 "0" 1 0 0 1 0 0 0 0 0 0 0 0 0 0 0 0 0
182 "4/7/97" 3 11 6.207 3 10 "0" 1 0 0 1 0 0 0 0 0 0 0 0 0 0 0 0 0
182 "4/7/97" 17 11 6.264 3 10 "0" 1 0 0 1 0 0 0 0 0 0 0 0 0 0 0 0 0
182 "4/7/97" 11 17 6.322 3 10 "0" 1 0 0 1 0 0 0 0 0 0 0 0 0 0 0 0 0
182 "4/7/97" 17 11 6.379 3 10 "0" 1 0 0 1 0 0 0 0 0 0 0 0 0 0 0 0 0
182 "4/7/97" 11 17 6.437 3 10 "0" 1 0 0 1 0 0 0 0 0 0 0 0 0 0 0 0 0
182 "4/7/97" 14 18 6.494 3 10 "0" 1 0 0 1 0 0 0 0 0 0 0 0 0 0 0 0 0
182 "4/7/97" 18 14 6.552 3 10 "0" 1 0 0 1 0 0 0 0 0 0 0 0 0 0 0 0 0
182 "4/7/97" 14 18 6.609 3 10 "0" 1 0 0 1 0 0 0 0 0 0 0 0 0 0 0 0 0
182 "4/7/97" 18 14 6.667 3 10 "0" 1 0 0 1 0 0 0 0 0 0 0 0 0 0 0 0 0
182 "4/7/97" 17 11 6.724 3 10 "0" 1 0 0 1 0 0 0 0 0 0 0 0 0 0 0 0 0
182 "4/7/97" 11 17 6.782 3 10 "0" 1 0 0 1 0 0 0 0 0 0 0 0 0 0 0 0 0
182 "4/7/97" 9 15 6.897 3 10 "1" 1 0 0 0 1 0 0 0 0 0 0 0 0 0 0 0 0
182 "4/7/97" 15 9 6.954 3 10 "1" 1 0 0 0 1 0 0 0 0 0 0 0 0 0 0 0 0
182 "4/7/97" 8 12 7.069 3 10 "0" 1 0 0 1 0 0 1 0 0 0 0 1 0 0 0 0 0
182 "4/7/97" 8 6 7.184 3 10 "0" 1 0 0 1 0 0 0 0 0 0 0 0 0 0 0 0 0
182 "4/7/97" 5 3 7.241 3 10 "0" 1 0 0 1 0 0 0 0 0 0 0 0 0 0 0 0 0
182 "4/7/97" 3 5 7.299 3 10 "0" 1 0 0 1 0 0 0 0 0 0 0 0 0 0 0 0 0
182 "4/7/97" 5 17 7.356 3 10 "0" 1 0 0 1 0 0 0 0 0 0 0 0 0 0 0 0 0
182 "4/7/97" 17 5 7.414 3 10 "0" 1 0 0 1 0 0 0 0 0 0 0 0 0 0 0 0 0
182 "4/7/97" 5 11 7.471 3 10 "0" 1 0 0 1 0 0 0 0 0 0 0 0 0 0 0 0 0
182 "4/7/97" 11 5 7.529 3 10 "0" 1 0 0 1 0 0 0 0 0 0 0 0 0 0 0 0 0
182 "4/7/97" 17 11 7.586 3 10 "0" 1 0 0 1 0 0 0 0 0 0 0 0 0 0 0 0 0
182 "4/7/97" 11 17 7.644 3 10 "0" 1 0 0 1 0 0 0 0 0 0 0 0 0 0 0 0 0
182 "4/7/97" 11 3 7.701 3 10 "0" 1 0 0 1 0 0 0 0 0 0 0 0 0 0 0 0 0
182 "4/7/97" 3 11 7.759 3 10 "0" 1 0 0 1 0 0 0 0 0 0 0 0 0 0 0 0 0
182 "4/7/97" 11 5 7.816 3 10 "0" 1 0 0 1 0 0 0 0 0 0 0 0 0 0 0 0 0
182 "4/7/97" 5 11 7.874 3 10 "0" 1 0 0 1 0 0 0 0 0 0 0 0 0 0 0 0 0
182 "4/7/97" 14 18 8.161 3 10 "0" 1 0 0 1 0 0 0 0 0 0 0 0 0 0 0 0 0
182 "4/7/97" 18 14 8.218 3 10 "0" 1 0 0 1 0 0 0 0 0 0 0 0 0 0 0 0 0
182 "4/7/97" 14 18 8.276 3 10 "0" 1 0 0 1 0 0 0 0 0 0 0 0 0 0 0 0 0
182 "4/7/97" 18 14 8.333 3 10 "0" 1 0 0 1 0 0 0 0 0 0 0 0 0 0 0 0 0
182 "4/7/97" 8 12 8.448 3 10 "0" 1 0 0 1 0 0 0 0 0 0 0 1 0 0 0 0 1
182 "4/7/97" 6 12 8.506 3 10 "0" 1 0 0 1 0 0 0 0 0 0 0 1 0 0 0 0 1
182 "4/7/97" 18 8 8.563 3 10 "0" 1 0 0 1 0 0 0 0 0 0 0 0 0 0 0 0 0
182 "4/7/97" 8 18 8.621 3 10 "0" 1 0 0 1 0 0 0 0 0 0 0 0 0 0 0 0 0
182 "4/7/97" 18 12 8.736 3 10 "0" 1 0 0 1 0 0 0 0 0 0 0 0 0 0 0 0 0
182 "4/7/97" 9 15 8.851 3 10 "0" 1 0 0 1 0 0 0 0 0 0 0 0 0 0 0 0 0
182 "4/7/97" 15 9 8.908 3 10 "0" 1 0 0 1 0 0 0 0 0 0 0 0 0 0 0 0 0
182 "4/7/97" 7 1 8.966 3 10 "0" 1 0 0 1 0 0 0 0 0 0 0 0 0 0 0 0 0
182 "4/7/97" 1 7 9.023 3 10 "0" 1 0 0 1 0 0 0 0 0 0 0 0 0 0 0 0 0
182 "4/7/97" 6 12 9.08 3 10 "0" 1 0 0 1 0 0 0 0 0 0 0 1 0 0 0 0 0
182 "4/7/97" 6 12 9.138 3 10 "0" 1 0 0 1 0 0 0 0 0 0 0 1 0 0 0 0 0
182 "4/7/97" 12 6 9.195 3 10 "0" 1 0 0 1 0 0 0 1 0 0 0 1 0 0 0 0 0
182 "4/7/97" 8 6 9.253 3 10 "0" 1 0 0 1 0 0 0 0 0 0 0 0 0 0 0 0 0
182 "4/7/97" 6 8 9.31 3 10 "0" 1 0 0 1 0 0 0 0 0 0 0 0 0 0 0 0 0
182 "4/7/97" 11 3 9.368 3 10 "0" 1 0 0 1 0 0 0 0 0 0 0 0 0 0 0 0 0
182 "4/7/97" 3 11 9.425 3 10 "0" 1 0 0 1 0 0 0 0 0 0 0 0 0 0 0 0 0
182 "4/7/97" 11 5 9.483 3 10 "0" 1 0 0 1 0 0 0 0 0 0 0 0 0 0 0 0 0
182 "4/7/97" 5 11 9.54 3 10 "0" 1 0 0 1 0 0 0 0 0 0 0 0 0 0 0 0 0
182 "4/7/97" 11 17 9.598 3 10 "0" 1 0 0 1 0 0 0 0 0 0 0 0 0 0 0 0 0
182 "4/7/97" 17 11 9.655 3 10 "0" 1 0 0 1 0 0 0 0 0 0 0 0 0 0 0 0 0
182 "4/7/97" 5 3 9.713 3 10 "0" 1 0 0 1 0 0 0 0 0 0 0 0 0 0 0 0 0
182 "4/7/97" 3 5 9.77 3 10 "0" 1 0 0 1 0 0 0 0 0 0 0 0 0 0 0 0 0
182 "4/7/97" 5 17 9.828 3 10 "0" 1 0 0 1 0 0 0 0 0 0 0 0 0 0 0 0 0
182 "4/7/97" 17 5 9.885 3 10 "0" 1 0 0 1 0 0 0 0 0 0 0 0 0 0 0 0 0
182 "4/7/97" 3 17 9.943 3 10 "0" 1 0 0 1 0 0 0 0 0 0 0 0 0 0 0 0 0
182 "4/7/97" 17 3 10 3 10 "0" 1 0 0 1 0 0 0 0 0 0 0 0 0 0 0 0 0
182 "4/7/97" 14 18 10.086 3 15 "0" 1 0 0 1 0 0 0 0 0 0 0 0 0 0 0 0 0
182 "4/7/97" 18 14 10.172 3 15 "0" 1 0 0 1 0 0 0 0 0 0 0 0 0 0 0 0 0
182 "4/7/97" 18 14 10.259 3 15 "0" 1 0 0 1 0 0 0 0 0 0 0 0 0 0 0 0 0
182 "4/7/97" 14 18 10.345 3 15 "0" 1 0 0 1 0 0 0 0 0 0 0 0 0 0 0 0 0
182 "4/7/97" 17 3 10.517 3 15 "0" 1 0 0 1 0 0 0 0 0 0 0 0 0 0 0 0 0
182 "4/7/97" 3 17 10.603 3 15 "0" 1 0 0 1 0 0 0 0 0 0 0 0 0 0 0 0 0
182 "4/7/97" 3 12 11.466 3 15 "0" 1 0 0 1 0 0 0 0 0 0 0 0 0 0 0 0 0
182 "4/7/97" 12 3 11.552 3 15 "0" 1 0 0 1 0 0 0 1 0 0 0 0 0 0 0 0 0
182 "4/7/97" 8 12 11.724 3 15 "0" 1 0 0 1 0 0 0 0 0 0 0 0 0 0 0 0 0
182 "4/7/97" 3 12 11.81 3 15 "0" 1 0 0 1 0 0 0 0 0 0 0 0 0 0 0 0 0
182 "4/7/97" 17 11 11.897 3 15 "0" 1 0 0 1 0 0 0 0 0 0 0 0 0 0 0 0 0
182 "4/7/97" 11 17 11.983 3 15 "0" 1 0 0 1 0 0 0 0 0 0 0 0 0 0 0 0 0
182 "4/7/97" 17 5 12.069 3 15 "0" 1 0 0 1 0 0 0 0 0 0 0 0 0 0 0 0 0
182 "4/7/97" 5 17 12.155 3 15 "0" 1 0 0 1 0 0 0 0 0 0 0 0 0 0 0 0 0
182 "4/7/97" 5 11 12.241 3 15 "0" 1 0 0 1 0 0 0 0 0 0 0 0 0 0 0 0 0
182 "4/7/97" 11 5 12.328 3 15 "0" 1 0 0 1 0 0 0 0 0 0 0 0 0 0 0 0 0
182 "4/7/97" 18 14 12.586 3 15 "0" 1 0 0 1 0 0 0 0 0 0 0 0 0 0 0 0 0
182 "4/7/97" 14 18 12.672 3 15 "0" 1 0 0 1 0 0 0 0 0 0 0 0 0 0 0 0 0
182 "4/7/97" 18 14 12.759 3 15 "0" 1 0 0 1 0 0 0 0 0 0 0 0 0 0 0 0 0
182 "4/7/97" 14 18 12.845 3 15 "0" 1 0 0 1 0 0 0 0 0 0 0 0 0 0 0 0 0
182 "4/7/97" 18 4 12.931 3 15 "0" 1 0 0 1 0 0 0 0 0 0 0 0 0 0 0 0 0
182 "4/7/97" 4 18 13.017 3 15 "0" 1 0 0 1 0 0 0 0 0 0 0 0 0 0 0 0 0
182 "4/7/97" 9 15 13.103 3 15 "0" 1 0 0 1 0 0 0 0 0 0 0 0 0 0 0 0 0
182 "4/7/97" 15 9 13.19 3 15 "0" 1 0 0 1 0 0 0 0 0 0 0 0 0 0 0 0 0
182 "4/7/97" 9 15 13.276 3 15 "0" 1 0 0 1 0 0 0 0 0 0 0 0 0 0 0 0 0
182 "4/7/97" 15 9 13.362 3 15 "0" 1 0 0 1 0 0 0 0 0 0 0 0 0 0 0 0 0
182 "4/7/97" 9 15 13.448 3 15 "0" 1 0 0 1 0 0 0 0 0 0 0 0 0 0 0 0 0
182 "4/7/97" 15 9 13.534 3 15 "0" 1 0 0 1 0 0 0 0 0 0 0 0 0 0 0 0 0
182 "4/7/97" 9 15 13.621 3 15 "0" 1 0 0 1 0 0 0 0 0 0 0 0 0 0 0 0 0
182 "4/7/97" 15 9 13.707 3 15 "0" 1 0 0 1 0 0 0 0 0 0 0 0 0 0 0 0 0
182 "4/7/97" 7 1 13.793 3 15 "0" 1 0 0 1 0 0 0 0 0 0 0 0 0 0 0 0 0
182 "4/7/97" 1 7 13.879 3 15 "0" 1 0 0 1 0 0 0 0 0 0 0 0 0 0 0 0 0
182 "4/7/97" 7 1 13.966 3 15 "0" 1 0 0 1 0 0 0 0 0 0 0 0 0 0 0 0 0
182 "4/7/97" 1 7 14.052 3 15 "0" 1 0 0 1 0 0 0 0 0 0 0 0 0 0 0 0 0
182 "4/7/97" 1 12 14.138 3 15 "0" 1 0 0 1 0 0 0 0 0 1 0 1 0 0 0 0 0
182 "4/7/97" 2 12 14.138 3 15 "0" 1 0 0 1 0 0 0 0 0 1 0 1 0 0 0 0 0
182 "4/7/97" 3 12 14.138 3 15 "0" 1 0 0 1 0 0 0 0 0 1 0 1 0 0 0 0 0
182 "4/7/97" 4 12 14.138 3 15 "0" 1 0 0 1 0 0 0 0 0 1 0 1 0 0 0 0 0
182 "4/7/97" 5 12 14.138 3 15 "0" 1 0 0 1 0 0 0 0 0 1 0 1 0 0 0 0 0
182 "4/7/97" 6 12 14.138 3 15 "0" 1 0 0 1 0 0 0 0 0 1 0 1 0 0 0 0 0
182 "4/7/97" 7 12 14.138 3 15 "0" 1 0 0 1 0 0 0 0 0 1 0 1 0 0 0 0 0
182 "4/7/97" 8 12 14.138 3 15 "0" 1 0 0 1 0 0 0 0 0 1 0 1 0 0 0 0 0
182 "4/7/97" 9 12 14.138 3 15 "0" 1 0 0 1 0 0 0 0 0 1 0 1 0 0 0 0 0
182 "4/7/97" 10 12 14.138 3 15 "0" 1 0 0 1 0 0 0 0 0 1 0 1 0 0 0 0 0
182 "4/7/97" 11 12 14.138 3 15 "0" 1 0 0 1 0 0 0 0 0 1 0 1 0 0 0 0 0
182 "4/7/97" 15 12 14.138 3 15 "0" 1 0 0 1 0 0 0 0 0 1 0 1 0 0 0 0 0
182 "4/7/97" 14 12 14.138 3 15 "0" 1 0 0 1 0 0 0 0 0 1 0 1 0 0 0 0 0
182 "4/7/97" 13 12 14.138 3 15 "0" 1 0 0 1 0 0 0 0 0 1 0 1 0 0 0 0 0
182 "4/7/97" 16 12 14.138 3 15 "0" 1 0 0 1 0 0 0 0 0 1 0 1 0 0 0 0 0
182 "4/7/97" 17 12 14.138 3 15 "0" 1 0 0 1 0 0 0 0 0 1 0 1 0 0 0 0 0
182 "4/7/97" 18 12 14.138 3 15 "0" 1 0 0 1 0 0 0 0 0 1 0 1 0 0 0 0 0
182 "4/7/97" 3 12 14.483 3 15 "0" 1 0 0 1 0 0 0 0 0 0 0 0 0 0 0 0 0
182 "4/7/97" 8 1 14.569 3 15 "0" 1 0 0 1 0 0 0 0 1 0 0 0 0 0 0 0 1
182 "4/7/97" 8 2 14.569 3 15 "0" 1 0 0 1 0 0 0 0 1 0 0 0 0 0 0 0 1
182 "4/7/97" 8 3 14.569 3 15 "0" 1 0 0 1 0 0 0 0 1 0 0 0 0 0 0 0 1
182 "4/7/97" 8 4 14.569 3 15 "0" 1 0 0 1 0 0 0 0 1 0 0 0 0 0 0 0 1
182 "4/7/97" 8 5 14.569 3 15 "0" 1 0 0 1 0 0 0 0 1 0 0 0 0 0 0 0 1
182 "4/7/97" 8 6 14.569 3 15 "0" 1 0 0 1 0 0 0 0 1 0 0 0 0 0 0 0 1
182 "4/7/97" 8 7 14.569 3 15 "0" 1 0 0 1 0 0 0 0 1 0 0 0 0 0 0 0 1
182 "4/7/97" 8 9 14.569 3 15 "0" 1 0 0 1 0 0 0 0 1 0 0 0 0 0 0 0 1
182 "4/7/97" 8 10 14.569 3 15 "0" 1 0 0 1 0 0 0 0 1 0 0 0 0 0 0 0 1
182 "4/7/97" 8 11 14.569 3 15 "0" 1 0 0 1 0 0 0 0 1 0 0 0 0 0 0 0 1
182 "4/7/97" 8 12 14.569 3 15 "0" 1 0 0 1 0 0 0 0 1 0 0 0 0 0 0 0 1
182 "4/7/97" 8 15 14.569 3 15 "0" 1 0 0 1 0 0 0 0 1 0 0 0 0 0 0 0 1
182 "4/7/97" 8 14 14.569 3 15 "0" 1 0 0 1 0 0 0 0 1 0 0 0 0 0 0 0 1
182 "4/7/97" 8 13 14.569 3 15 "0" 1 0 0 1 0 0 0 0 1 0 0 0 0 0 0 0 1
182 "4/7/97" 8 16 14.569 3 15 "0" 1 0 0 1 0 0 0 0 1 0 0 0 0 0 0 0 1
182 "4/7/97" 8 17 14.569 3 15 "0" 1 0 0 1 0 0 0 0 1 0 0 0 0 0 0 0 1
182 "4/7/97" 8 18 14.569 3 15 "0" 1 0 0 1 0 0 0 0 1 0 0 0 0 0 0 0 1
182 "4/7/97" 6 8 14.655 3 15 "0" 1 0 0 1 0 0 0 0 0 0 0 0 0 0 0 0 0
182 "4/7/97" 15 8 14.741 3 15 "0" 1 0 0 1 0 0 0 0 0 0 0 0 0 0 0 0 0
182 "4/7/97" 9 8 14.828 3 15 "0" 1 0 0 1 0 0 0 0 0 0 0 0 0 0 0 0 0
182 "4/7/97" 3 12 15.12 3 5 "0" 1 0 0 1 0 1 0 0 0 0 0 0 0 0 0 0 0
182 "4/7/97" 12 3 15.181 3 5 "0" 1 0 0 1 0 0 1 1 0 0 0 0 0 0 0 0 0
182 "4/7/97" 11 3 15.241 3 5 "0" 1 0 0 1 0 0 0 0 0 0 0 0 0 0 0 0 0
182 "4/7/97" 3 11 15.301 3 5 "0" 1 0 0 1 0 0 0 0 0 0 0 0 0 0 0 0 0
182 "4/7/97" 3 1 15.542 3 5 "0" 1 0 0 1 0 0 0 0 1 0 0 0 1 0 0 0 0
182 "4/7/97" 3 2 15.542 3 5 "0" 1 0 0 1 0 0 0 0 1 0 0 0 1 0 0 0 0
182 "4/7/97" 3 4 15.542 3 5 "0" 1 0 0 1 0 0 0 0 1 0 0 0 1 0 0 0 0
182 "4/7/97" 3 5 15.542 3 5 "0" 1 0 0 1 0 0 0 0 1 0 0 0 1 0 0 0 0
182 "4/7/97" 3 6 15.542 3 5 "0" 1 0 0 1 0 0 0 0 1 0 0 0 1 0 0 0 0
182 "4/7/97" 3 7 15.542 3 5 "0" 1 0 0 1 0 0 0 0 1 0 0 0 1 0 0 0 0
182 "4/7/97" 3 8 15.542 3 5 "0" 1 0 0 1 0 0 0 0 1 0 0 0 1 0 0 0 0
182 "4/7/97" 3 9 15.542 3 5 "0" 1 0 0 1 0 0 0 0 1 0 0 0 1 0 0 0 0
182 "4/7/97" 3 10 15.542 3 5 "0" 1 0 0 1 0 0 0 0 1 0 0 0 1 0 0 0 0
182 "4/7/97" 3 11 15.542 3 5 "0" 1 0 0 1 0 0 0 0 1 0 0 0 1 0 0 0 0
182 "4/7/97" 3 12 15.542 3 5 "0" 1 0 0 1 0 0 0 0 1 0 0 0 1 0 0 0 0
182 "4/7/97" 3 15 15.542 3 5 "0" 1 0 0 1 0 0 0 0 1 0 0 0 1 0 0 0 0
182 "4/7/97" 3 14 15.542 3 5 "0" 1 0 0 1 0 0 0 0 1 0 0 0 1 0 0 0 0
182 "4/7/97" 3 13 15.542 3 5 "0" 1 0 0 1 0 0 0 0 1 0 0 0 1 0 0 0 0
182 "4/7/97" 3 16 15.542 3 5 "0" 1 0 0 1 0 0 0 0 1 0 0 0 1 0 0 0 0
182 "4/7/97" 3 17 15.542 3 5 "0" 1 0 0 1 0 0 0 0 1 0 0 0 1 0 0 0 0
182 "4/7/97" 3 18 15.542 3 5 "0" 1 0 0 1 0 0 0 0 1 0 0 0 1 0 0 0 0
182 "4/7/97" 3 12 15.602 3 5 "0" 1 0 0 1 0 0 0 0 0 0 0 1 0 0 0 0 0
182 "4/7/97" 14 18 15.783 3 5 "1" 1 0 0 0 1 0 0 0 0 0 0 0 0 0 0 0 0
182 "4/7/97" 18 14 15.843 3 5 "1" 1 0 0 0 1 0 0 0 0 0 0 0 0 0 0 0 0
182 "4/7/97" 14 18 15.904 3 5 "1" 1 0 0 0 1 0 0 0 0 0 0 0 0 0 0 0 0
182 "4/7/97" 18 14 15.964 3 5 "1" 1 0 0 0 1 0 0 0 0 0 0 0 0 0 0 0 0
182 "4/7/97" 1 7 16.024 3 5 "1" 1 0 0 0 1 0 0 0 0 0 0 0 0 0 0 0 0
182 "4/7/97" 7 1 16.084 3 5 "1" 1 0 0 0 1 0 0 0 0 0 0 0 0 0 0 0 0
182 "4/7/97" 1 7 16.145 3 5 "1" 1 0 0 0 1 0 0 0 0 0 0 0 0 0 0 0 0
182 "4/7/97" 7 1 16.205 3 5 "1" 1 0 0 0 1 0 0 0 0 0 0 0 0 0 0 0 0
182 "4/7/97" 18 6 16.325 3 5 "0" 1 0 0 1 0 0 0 0 0 0 0 0 0 0 0 0 0
182 "4/7/97" 6 18 16.386 3 5 "0" 1 0 0 1 0 0 0 0 0 0 0 0 0 0 0 0 0
182 "4/7/97" 18 8 16.446 3 5 "0" 1 0 0 1 0 0 0 0 0 0 0 0 0 0 0 0 0
182 "4/7/97" 8 18 16.506 3 5 "0" 1 0 0 1 0 0 0 0 0 0 0 0 0 0 0 0 0
182 "4/7/97" 14 18 16.687 3 5 "1" 1 0 0 0 1 0 0 0 0 0 0 0 0 0 0 0 0
182 "4/7/97" 18 14 16.747 3 5 "1" 1 0 0 0 1 0 0 0 0 0 0 0 0 0 0 0 0
182 "4/7/97" 14 18 16.807 3 5 "1" 1 0 0 0 1 0 0 0 0 0 0 0 0 0 0 0 0
182 "4/7/97" 18 14 16.867 3 5 "1" 1 0 0 0 1 0 0 0 0 0 0 0 0 0 0 0 0
182 "4/7/97" 7 1 16.928 3 5 "1" 1 0 0 0 1 0 0 0 0 0 0 0 0 0 0 0 0
182 "4/7/97" 1 7 16.988 3 5 "1" 1 0 0 0 1 0 0 0 0 0 0 0 0 0 0 0 0
182 "4/7/97" 3 11 17.048 3 5 "1" 1 0 0 0 1 0 0 0 0 0 0 0 0 0 0 0 0
182 "4/7/97" 11 3 17.108 3 5 "1" 1 0 0 0 1 0 0 0 0 0 0 0 0 0 0 0 0
182 "4/7/97" 17 11 17.169 3 5 "1" 1 0 0 0 1 0 0 0 0 0 0 0 0 0 0 0 0
182 "4/7/97" 11 17 17.229 3 5 "1" 1 0 0 0 1 0 0 0 0 0 0 0 0 0 0 0 0
182 "4/7/97" 4 14 17.289 3 5 "0" 1 0 0 1 0 0 0 0 0 0 0 0 0 0 0 0 0
182 "4/7/97" 14 4 17.349 3 5 "0" 1 0 0 1 0 0 0 0 0 0 0 0 0 0 0 0 0
182 "4/7/97" 4 14 17.41 3 5 "0" 1 0 0 1 0 0 0 0 0 0 0 0 0 0 0 0 0
182 "4/7/97" 14 4 17.47 3 5 "0" 1 0 0 1 0 0 0 0 0 0 0 0 0 0 0 0 0
182 "4/7/97" 3 12 17.59 3 5 "0" 1 0 0 1 0 0 0 0 0 0 0 0 0 0 0 0 0
182 "4/7/97" 11 12 17.651 3 5 "0" 1 0 0 1 0 0 0 0 0 0 0 0 0 0 0 0 0
182 "4/7/97" 4 18 17.711 3 5 "1" 1 0 0 0 1 0 0 0 0 0 0 0 0 0 0 0 0
182 "4/7/97" 18 4 17.771 3 5 "1" 1 0 0 0 1 0 0 0 0 0 0 0 0 0 0 0 0
182 "4/7/97" 3 1 17.892 3 5 "0" 1 0 0 1 0 0 0 0 1 0 0 0 0 0 0 0 0
182 "4/7/97" 3 2 17.892 3 5 "0" 1 0 0 1 0 0 0 0 1 0 0 0 0 0 0 0 0
182 "4/7/97" 3 4 17.892 3 5 "0" 1 0 0 1 0 0 0 0 1 0 0 0 0 0 0 0 0
182 "4/7/97" 3 5 17.892 3 5 "0" 1 0 0 1 0 0 0 0 1 0 0 0 0 0 0 0 0
182 "4/7/97" 3 6 17.892 3 5 "0" 1 0 0 1 0 0 0 0 1 0 0 0 0 0 0 0 0
182 "4/7/97" 3 7 17.892 3 5 "0" 1 0 0 1 0 0 0 0 1 0 0 0 0 0 0 0 0
182 "4/7/97" 3 8 17.892 3 5 "0" 1 0 0 1 0 0 0 0 1 0 0 0 0 0 0 0 0
182 "4/7/97" 3 9 17.892 3 5 "0" 1 0 0 1 0 0 0 0 1 0 0 0 0 0 0 0 0
182 "4/7/97" 3 10 17.892 3 5 "0" 1 0 0 1 0 0 0 0 1 0 0 0 0 0 0 0 0
182 "4/7/97" 3 11 17.892 3 5 "0" 1 0 0 1 0 0 0 0 1 0 0 0 0 0 0 0 0
182 "4/7/97" 3 12 17.892 3 5 "0" 1 0 0 1 0 0 0 0 1 0 0 0 0 0 0 0 0
182 "4/7/97" 3 15 17.892 3 5 "0" 1 0 0 1 0 0 0 0 1 0 0 0 0 0 0 0 0
182 "4/7/97" 3 14 17.892 3 5 "0" 1 0 0 1 0 0 0 0 1 0 0 0 0 0 0 0 0
182 "4/7/97" 3 13 17.892 3 5 "0" 1 0 0 1 0 0 0 0 1 0 0 0 0 0 0 0 0
182 "4/7/97" 3 16 17.892 3 5 "0" 1 0 0 1 0 0 0 0 1 0 0 0 0 0 0 0 0
182 "4/7/97" 3 17 17.892 3 5 "0" 1 0 0 1 0 0 0 0 1 0 0 0 0 0 0 0 0
182 "4/7/97" 3 18 17.892 3 5 "0" 1 0 0 1 0 0 0 0 1 0 0 0 0 0 0 0 0
182 "4/7/97" 3 12 17.952 3 5 "0" 1 0 0 1 0 0 0 0 0 0 0 1 0 0 0 0 0
182 "4/7/97" 18 14 18.494 3 5 "0" 1 0 0 1 0 0 0 0 0 0 0 0 0 0 0 0 0
182 "4/7/97" 14 18 18.554 3 5 "0" 1 0 0 1 0 0 0 0 0 0 0 0 0 0 0 0 0
182 "4/7/97" 3 11 18.614 3 5 "0" 1 0 0 1 0 0 0 0 0 0 0 0 0 0 0 0 0
182 "4/7/97" 11 3 18.675 3 5 "0" 1 0 0 1 0 0 0 0 0 0 0 0 0 0 0 0 0
182 "4/7/97" 3 12 18.795 3 5 "0" 1 0 0 1 0 0 0 0 0 0 0 0 0 0 0 0 0
182 "4/7/97" 18 12 18.855 3 5 "0" 1 0 0 1 0 0 0 0 0 0 0 0 0 0 0 0 0
182 "4/7/97" 8 12 18.916 3 5 "0" 1 0 0 1 0 0 0 0 0 0 0 0 0 0 0 0 0
182 "4/7/97" 6 12 18.976 3 5 "0" 1 0 0 1 0 0 0 0 0 0 0 0 0 0 0 0 0
182 "4/7/97" 7 1 19.036 3 5 "1" 1 0 0 0 1 0 0 0 0 0 0 0 0 0 0 0 0
182 "4/7/97" 1 7 19.096 3 5 "1" 1 0 0 0 1 0 0 0 0 0 0 0 0 0 0 0 0
182 "4/7/97" 7 1 19.157 3 5 "1" 1 0 0 0 1 0 0 0 0 0 0 0 0 0 0 0 0
182 "4/7/97" 1 7 19.217 3 5 "1" 1 0 0 0 1 0 0 0 0 0 0 0 0 0 0 0 0
182 "4/7/97" 7 1 19.277 3 5 "1" 1 0 0 0 1 0 0 0 0 0 0 0 0 0 0 0 0
182 "4/7/97" 1 7 19.337 3 5 "1" 1 0 0 0 1 0 0 0 0 0 0 0 0 0 0 0 0
182 "4/7/97" 9 15 19.398 3 5 "1" 1 0 0 0 1 0 0 0 0 0 0 0 0 0 0 0 0
182 "4/7/97" 15 9 19.458 3 5 "1" 1 0 0 0 1 0 0 0 0 0 0 0 0 0 0 0 0
182 "4/7/97" 15 9 19.518 3 5 "1" 1 0 0 0 1 0 0 0 0 0 0 0 0 0 0 0 0
182 "4/7/97" 9 15 19.578 3 5 "1" 1 0 0 0 1 0 0 0 0 0 0 0 0 0 0 0 0
182 "4/7/97" 4 18 19.639 3 5 "0" 1 0 0 1 0 0 0 0 0 0 0 0 0 0 0 0 0
182 "4/7/97" 18 4 19.699 3 5 "0" 1 0 0 1 0 0 0 0 0 0 0 0 0 0 0 0 0
182 "4/7/97" 4 14 19.759 3 5 "0" 1 0 0 1 0 0 0 0 0 0 0 0 0 0 0 0 0
182 "4/7/97" 14 4 19.819 3 5 "0" 1 0 0 1 0 0 0 0 0 0 0 0 0 0 0 0 0
182 "4/7/97" 18 14 19.88 3 5 "0" 1 0 0 1 0 0 0 0 0 0 0 0 0 0 0 0 0
182 "4/7/97" 14 18 19.94 3 5 "0" 1 0 0 1 0 0 0 0 0 0 0 0 0 0 0 0 0
182 "4/7/97" 7 9 20.125 3 8 "0" 1 0 0 1 0 0 0 0 0 0 0 0 0 0 0 0 0
182 "4/7/97" 9 7 20.25 3 8 "0" 1 0 0 1 0 0 0 0 0 0 0 0 0 0 0 0 0
182 "4/7/97" 7 15 20.375 3 8 "0" 1 0 0 1 0 0 0 0 0 0 0 0 0 0 0 0 0
182 "4/7/97" 15 7 20.5 3 8 "0" 1 0 0 1 0 0 0 0 0 0 0 0 0 0 0 0 0
182 "4/7/97" 14 18 20.75 3 8 "1" 1 0 0 0 1 0 0 0 0 0 0 0 0 0 0 0 0
182 "4/7/97" 18 14 20.875 3 8 "1" 1 0 0 0 1 0 0 0 0 0 0 0 0 0 0 0 0
182 "4/7/97" 3 11 21 3 8 "0" 1 0 0 1 0 0 0 0 0 0 0 0 0 0 0 0 0
182 "4/7/97" 11 3 21.125 3 8 "0" 1 0 0 1 0 0 0 0 0 0 0 0 0 0 0 0 0
182 "4/7/97" 3 17 21.25 3 8 "0" 1 0 0 1 0 0 0 0 0 0 0 0 0 0 0 0 0
182 "4/7/97" 17 3 21.375 3 8 "0" 1 0 0 1 0 0 0 0 0 0 0 0 0 0 0 0 0
182 "4/7/97" 7 1 21.5 3 8 "0" 1 0 0 1 0 0 0 0 0 0 0 0 0 0 0 0 0
182 "4/7/97" 1 7 21.625 3 8 "0" 1 0 0 1 0 0 0 0 0 0 0 0 0 0 0 0 0
182 "4/7/97" 18 14 21.75 3 8 "0" 1 0 0 1 0 0 0 0 0 0 0 0 0 0 0 0 0
182 "4/7/97" 14 18 21.875 3 8 "0" 1 0 0 1 0 0 0 0 0 0 0 0 0 0 0 0 0
182 "4/7/97" 4 14 22 3 8 "0" 1 0 0 1 0 0 0 0 0 0 0 0 0 0 0 0 0
182 "4/7/97" 14 4 22.125 3 8 "0" 1 0 0 1 0 0 0 0 0 0 0 0 0 0 0 0 0
182 "4/7/97" 8 12 22.375 3 8 "0" 1 0 0 1 0 0 0 0 0 0 0 0 0 0 0 0 0
182 "4/7/97" 18 1 22.5 3 8 "0" 1 0 0 1 0 0 0 0 1 0 0 0 0 0 0 0 0
182 "4/7/97" 18 2 22.5 3 8 "0" 1 0 0 1 0 0 0 0 1 0 0 0 0 0 0 0 0
182 "4/7/97" 18 3 22.5 3 8 "0" 1 0 0 1 0 0 0 0 1 0 0 0 0 0 0 0 0
182 "4/7/97" 18 4 22.5 3 8 "0" 1 0 0 1 0 0 0 0 1 0 0 0 0 0 0 0 0
182 "4/7/97" 18 5 22.5 3 8 "0" 1 0 0 1 0 0 0 0 1 0 0 0 0 0 0 0 0
182 "4/7/97" 18 6 22.5 3 8 "0" 1 0 0 1 0 0 0 0 1 0 0 0 0 0 0 0 0
182 "4/7/97" 18 7 22.5 3 8 "0" 1 0 0 1 0 0 0 0 1 0 0 0 0 0 0 0 0
182 "4/7/97" 18 8 22.5 3 8 "0" 1 0 0 1 0 0 0 0 1 0 0 0 0 0 0 0 0
182 "4/7/97" 18 9 22.5 3 8 "0" 1 0 0 1 0 0 0 0 1 0 0 0 0 0 0 0 0
182 "4/7/97" 18 10 22.5 3 8 "0" 1 0 0 1 0 0 0 0 1 0 0 0 0 0 0 0 0
182 "4/7/97" 18 11 22.5 3 8 "0" 1 0 0 1 0 0 0 0 1 0 0 0 0 0 0 0 0
182 "4/7/97" 18 12 22.5 3 8 "0" 1 0 0 1 0 0 0 0 1 0 0 0 0 0 0 0 0
182 "4/7/97" 18 15 22.5 3 8 "0" 1 0 0 1 0 0 0 0 1 0 0 0 0 0 0 0 0
182 "4/7/97" 18 14 22.5 3 8 "0" 1 0 0 1 0 0 0 0 1 0 0 0 0 0 0 0 0
182 "4/7/97" 18 13 22.5 3 8 "0" 1 0 0 1 0 0 0 0 1 0 0 0 0 0 0 0 0
182 "4/7/97" 18 16 22.5 3 8 "0" 1 0 0 1 0 0 0 0 1 0 0 0 0 0 0 0 0
182 "4/7/97" 18 17 22.5 3 8 "0" 1 0 0 1 0 0 0 0 1 0 0 0 0 0 0 0 0
182 "4/7/97" 6 8 23.758 3 18 "1" 1 0 0 0 1 0 0 0 0 0 0 0 0 0 0 0 0
182 "4/7/97" 8 6 23.909 3 18 "1" 1 0 0 0 1 0 0 0 0 0 0 0 0 0 0 0 0
182 "4/7/97" 6 8 24.061 3 18 "1" 1 0 0 0 1 0 0 0 0 0 0 0 0 0 0 0 0
182 "4/7/97" 8 6 24.212 3 18 "1" 1 0 0 0 1 0 0 0 0 0 0 0 0 0 0 0 0
182 "4/7/97" 1 7 24.364 3 18 "1" 1 0 0 0 1 0 0 0 0 0 0 0 0 0 0 0 0
182 "4/7/97" 7 1 24.515 3 18 "1" 1 0 0 0 1 0 0 0 0 0 0 0 0 0 0 0 0
182 "4/7/97" 1 7 24.667 3 18 "1" 1 0 0 0 1 0 0 0 0 0 0 0 0 0 0 0 0
182 "4/7/97" 7 1 24.818 3 18 "1" 1 0 0 0 1 0 0 0 0 0 0 0 0 0 0 0 0
182 "4/7/97" 3 11 24.97 3 18 "1" 1 0 0 0 1 0 0 0 0 0 0 0 0 0 0 0 0
182 "4/7/97" 11 3 25.121 3 18 "1" 1 0 0 0 1 0 0 0 0 0 0 0 0 0 0 0 0
182 "4/7/97" 3 11 25.273 3 18 "1" 1 0 0 0 1 0 0 0 0 0 0 0 0 0 0 0 0
182 "4/7/97" 11 3 25.424 3 18 "1" 1 0 0 0 1 0 0 0 0 0 0 0 0 0 0 0 0
182 "4/7/97" 17 5 25.576 3 18 "1" 1 0 0 0 1 0 0 0 0 0 0 0 0 0 0 0 0
182 "4/7/97" 5 17 25.727 3 18 "1" 1 0 0 0 1 0 0 0 0 0 0 0 0 0 0 0 0
182 "4/7/97" 14 4 25.879 3 18 "1" 1 0 0 0 1 0 0 0 0 0 0 0 0 0 0 0 0
182 "4/7/97" 4 14 26.03 3 18 "1" 1 0 0 0 1 0 0 0 0 0 0 0 0 0 0 0 0
182 "4/7/97" 14 18 26.182 3 18 "1" 1 0 0 0 1 0 0 0 0 0 0 0 0 0 0 0 0
182 "4/7/97" 18 14 26.333 3 18 "1" 1 0 0 0 1 0 0 0 0 0 0 0 0 0 0 0 0
182 "4/7/97" 18 4 26.485 3 18 "1" 1 0 0 0 1 0 0 0 0 0 0 0 0 0 0 0 0
182 "4/7/97" 4 18 26.636 3 18 "1" 1 0 0 0 1 0 0 0 0 0 0 0 0 0 0 0 0
182 "4/7/97" 12 8 26.788 3 18 "1" 1 0 0 0 1 0 0 1 0 0 0 0 0 0 0 0 0
182 "4/7/97" 8 12 26.939 3 18 "1" 1 0 0 0 1 0 0 0 0 0 0 0 0 0 0 0 0
182 "4/7/97" 12 6 27.091 3 18 "1" 1 0 0 0 1 0 0 1 0 0 0 0 0 0 0 0 0
182 "4/7/97" 6 12 27.242 3 18 "1" 1 0 0 0 1 0 0 0 0 0 0 0 0 0 0 0 0
182 "4/7/97" 12 14 27.394 3 18 "1" 1 0 0 0 1 0 0 1 0 0 0 0 0 0 0 0 0
182 "4/7/97" 14 12 27.545 3 18 "1" 1 0 0 0 1 0 0 0 0 0 0 0 0 0 0 0 0
182 "4/7/97" 12 4 27.697 3 18 "1" 1 0 0 0 1 0 0 1 0 0 0 0 0 0 0 0 0
182 "4/7/97" 4 12 27.848 3 18 "1" 1 0 0 0 1 0 0 0 0 0 0 0 0 0 0 0 0
182 "4/7/97" 12 18 28 3 18 "1" 1 0 0 0 1 0 0 1 0 0 0 0 0 0 0 0 0
182 "4/7/97" 18 12 28.152 3 18 "1" 1 0 0 0 1 0 0 0 0 0 0 0 0 0 0 0 0
182 "4/7/97" 8 6 28.303 3 18 "1" 1 0 0 0 1 0 0 0 0 0 0 0 0 0 0 0 0
182 "4/7/97" 6 8 28.455 3 18 "1" 1 0 0 0 1 0 0 0 0 0 0 0 0 0 0 0 0
182 "4/7/97" 8 6 28.606 3 18 "1" 1 0 0 0 1 0 0 0 0 0 0 0 0 0 0 0 0
182 "4/7/97" 6 8 28.758 3 18 "1" 1 0 0 0 1 0 0 0 0 0 0 0 0 0 0 0 0
182 "4/7/97" 4 18 29.212 3 18 "0" 1 0 0 1 0 0 0 0 0 0 0 0 0 0 0 0 0
182 "4/7/97" 18 4 29.364 3 18 "0" 1 0 0 1 0 0 0 0 0 0 0 0 0 0 0 0 0
182 "4/7/97" 3 11 29.515 3 18 "0" 1 0 0 1 0 0 0 0 0 0 0 0 0 0 0 0 0
182 "4/7/97" 11 3 29.667 3 18 "0" 1 0 0 1 0 0 0 0 0 0 0 0 0 0 0 0 0
182 "4/7/97" 3 11 29.818 3 18 "0" 1 0 0 1 0 0 0 0 0 0 0 0 0 0 0 0 0
182 "4/7/97" 11 3 29.97 3 18 "0" 1 0 0 1 0 0 0 0 0 0 0 0 0 0 0 0 0
182 "4/7/97" 17 5 30.121 3 18 "1" 1 0 0 0 1 0 0 0 0 0 0 0 0 0 0 0 0
182 "4/7/97" 5 17 30.273 3 18 "1" 1 0 0 0 1 0 0 0 0 0 0 0 0 0 0 0 0
182 "4/7/97" 15 9 30.424 3 18 "0" 1 0 0 1 0 0 0 0 0 0 0 0 0 0 0 0 0
182 "4/7/97" 9 15 30.576 3 18 "0" 1 0 0 1 0 0 0 0 0 0 0 0 0 0 0 0 0
182 "4/7/97" 15 9 30.727 3 18 "0" 1 0 0 1 0 0 0 0 0 0 0 0 0 0 0 0 0
182 "4/7/97" 9 15 30.879 3 18 "0" 1 0 0 1 0 0 0 0 0 0 0 0 0 0 0 0 0
182 "4/7/97" 1 7 31.03 3 18 "0" 1 0 0 1 0 0 0 0 0 0 0 0 0 0 0 0 0
182 "4/7/97" 7 1 31.182 3 18 "0" 1 0 0 1 0 0 0 0 0 0 0 0 0 0 0 0 0
182 "4/7/97" 1 7 31.333 3 18 "0" 1 0 0 1 0 0 0 0 0 0 0 0 0 0 0 0 0
182 "4/7/97" 7 1 31.485 3 18 "0" 1 0 0 1 0 0 0 0 0 0 0 0 0 0 0 0 0
182 "4/7/97" 1 7 31.636 3 18 "0" 1 0 0 1 0 0 0 0 0 0 0 0 0 0 0 0 0
182 "4/7/97" 7 1 31.788 3 18 "0" 1 0 0 1 0 0 0 0 0 0 0 0 0 0 0 0 0
182 "4/7/97" 17 11 32.242 3 18 "0" 1 0 0 1 0 0 0 0 0 0 0 0 0 0 0 0 0
182 "4/7/97" 11 17 32.394 3 18 "0" 1 0 0 1 0 0 0 0 0 0 0 0 0 0 0 0 0
182 "4/7/97" 17 5 32.545 3 18 "0" 1 0 0 1 0 0 0 0 0 0 0 0 0 0 0 0 0
182 "4/7/97" 5 17 32.697 3 18 "0" 1 0 0 1 0 0 0 0 0 0 0 0 0 0 0 0 0
182 "4/7/97" 8 6 32.848 3 18 "0" 1 0 0 1 0 0 0 0 0 0 0 0 0 0 0 0 0
182 "4/7/97" 6 8 33 3 18 "0" 1 0 0 1 0 0 0 0 0 0 0 0 0 0 0 0 0
