"V1" "V2"
1 432
1 427
1 136
1 615
2 119
2 286
2 344
2 222
3 569
3 214
3 611
3 543
3 151
3 473
3 199
4 251
4 657
4 398
4 215
4 571
4 643
4 72
4 369
4 507
4 44
4 299
4 432
4 522
4 455
5 307
5 527
5 643
5 396
5 485
5 553
5 130
5 97
5 172
5 201
5 274
5 33
5 143
6 15
6 276
6 409
6 547
6 548
6 189
6 367
6 488
6 75
6 43
7 398
7 319
7 21
7 13
7 75
7 162
8 503
8 369
8 443
8 342
8 276
8 28
8 410
8 374
8 437
8 306
8 243
8 484
9 220
9 326
9 313
9 101
9 605
9 438
10 83
10 645
10 244
10 272
10 261
10 144
10 445
11 421
11 60
11 54
11 353
11 390
11 255
11 347
11 439
11 582
11 565
12 214
12 263
12 397
12 382
12 241
12 511
12 97
13 586
13 350
13 215
13 549
13 322
13 338
13 314
13 74
14 245
14 366
14 654
14 296
14 125
14 584
14 155
14 119
14 336
14 79
14 105
15 142
15 83
15 562
15 652
15 95
15 203
15 508
15 121
16 311
16 61
16 501
16 30
16 33
16 614
16 558
16 392
16 331
16 358
16 92
16 147
16 334
16 620
17 486
17 630
17 400
17 290
17 252
17 89
17 210
18 510
18 151
18 252
18 283
18 101
18 606
18 494
18 454
18 318
18 625
18 186
18 140
19 450
19 546
19 336
19 337
19 129
19 240
19 353
19 111
19 34
19 375
20 512
20 217
20 68
20 401
20 64
20 125
20 307
20 518
20 648
20 224
21 62
21 440
21 229
21 240
21 112
21 54
21 212
21 136
21 546
21 627
21 315
21 268
22 363
22 542
22 648
22 155
22 638
23 571
23 208
23 497
23 105
24 366
24 450
24 103
24 316
24 462
24 490
24 153
24 215
24 475
24 545
24 409
25 646
25 264
25 464
25 580
25 482
25 174
25 276
25 374
25 557
25 490
26 535
26 129
26 262
26 177
27 538
27 81
27 167
27 525
27 548
27 471
27 489
28 573
28 85
28 191
28 254
28 338
28 548
29 584
29 567
29 592
29 165
29 368
29 188
29 192
29 413
30 575
30 228
30 138
30 226
30 299
30 418
30 192
30 198
31 411
31 404
31 53
31 293
31 185
31 251
31 186
31 641
31 295
31 113
31 589
31 453
32 135
32 302
32 430
32 362
32 327
32 293
32 544
32 221
32 137
33 329
33 584
33 128
33 441
33 228
33 325
33 373
33 393
33 75
33 310
33 330
33 368
33 498
33 588
33 191
33 508
33 456
34 529
34 291
34 489
34 412
34 82
34 116
34 287
34 482
34 392
34 566
34 643
34 122
34 376
35 378
35 79
35 402
35 342
35 209
35 189
35 192
35 48
35 606
35 528
35 245
36 531
36 326
36 111
36 603
37 53
37 183
38 487
38 202
38 419
38 528
39 426
39 91
39 569
39 445
39 300
40 576
40 548
40 377
40 66
40 207
40 337
40 220
40 152
40 315
40 447
40 526
41 325
41 51
42 148
42 630
42 463
42 556
42 403
42 157
42 205
43 299
43 537
43 461
43 445
43 468
43 460
43 281
43 638
43 581
43 206
44 563
44 556
44 146
44 218
44 168
44 501
44 651
44 294
44 473
45 561
45 68
45 537
45 563
45 505
45 408
45 122
45 347
46 154
46 499
46 138
46 571
46 176
46 625
47 64
47 441
47 259
47 140
47 252
47 381
47 494
47 49
47 635
47 226
47 231
47 428
47 516
47 161
48 401
48 603
48 169
48 70
48 500
48 658
48 131
48 510
48 146
48 372
49 210
50 79
50 53
50 304
50 159
50 60
50 236
51 583
51 558
51 552
51 432
51 502
51 526
51 263
51 350
51 629
51 179
52 358
52 423
52 323
53 132
53 589
53 206
53 615
53 180
54 522
54 543
54 229
54 140
54 625
54 349
54 294
54 141
54 356
54 200
54 576
54 146
54 460
55 373
55 361
55 359
55 599
55 620
55 647
55 372
55 588
56 542
56 99
56 372
56 149
56 449
56 101
56 543
56 436
56 465
56 121
56 266
56 322
56 312
57 149
57 457
57 576
57 471
57 129
57 351
57 342
57 352
57 598
57 251
57 282
58 240
58 312
58 378
58 549
58 111
59 244
59 186
60 559
60 440
60 254
60 177
60 450
60 367
60 115
60 542
60 119
60 481
60 199
60 619
60 104
62 341
62 658
62 75
62 305
62 148
62 201
62 173
63 252
63 287
63 395
63 98
63 198
63 370
63 490
63 347
63 633
63 181
64 77
64 637
64 412
64 87
64 72
64 585
64 354
64 358
64 128
64 352
64 551
64 489
65 181
65 152
65 247
65 153
65 250
65 311
65 180
65 474
65 330
65 244
65 67
65 611
66 499
66 443
66 521
66 353
66 79
66 473
66 181
66 436
66 290
67 347
67 566
67 174
67 268
67 657
68 370
68 251
68 359
68 357
68 225
69 570
69 382
69 100
69 307
69 372
69 164
69 513
70 517
70 441
70 255
70 583
70 128
70 385
70 191
70 444
71 481
71 203
72 557
72 603
72 525
72 413
72 471
72 244
72 499
72 555
72 383
72 444
73 284
73 116
73 194
73 652
74 262
74 385
74 170
74 418
74 602
74 229
74 415
74 458
74 488
74 333
74 620
74 410
74 142
74 153
75 242
75 524
75 623
75 647
75 432
75 350
75 209
75 283
75 645
75 639
75 220
75 420
75 163
75 586
75 128
75 571
75 82
75 210
75 274
75 115
75 353
76 467
76 464
76 114
76 630
76 419
76 328
76 307
76 429
76 148
77 323
77 643
77 513
77 221
77 560
77 290
77 84
77 115
78 598
78 401
79 527
79 567
79 372
79 192
79 571
79 288
79 550
80 593
80 112
81 172
81 553
81 544
81 454
81 642
81 210
81 290
81 464
81 423
81 178
81 97
81 395
82 332
82 524
82 202
82 97
82 159
82 623
82 372
82 520
82 154
82 321
82 114
82 111
82 468
82 564
82 427
83 618
83 403
83 503
83 411
83 379
83 331
83 166
83 450
83 647
84 555
84 318
84 309
84 159
84 494
84 217
84 620
84 604
84 641
85 270
85 347
85 486
86 299
86 90
86 391
86 491
87 228
87 313
87 438
87 419
87 194
87 214
87 348
87 130
87 258
87 465
88 344
88 222
88 369
88 598
88 619
89 491
89 595
89 457
89 263
90 318
90 396
90 549
90 197
90 646
91 564
91 475
91 277
91 489
91 553
91 443
92 264
92 654
92 263
92 460
93 198
93 313
93 545
94 634
94 623
94 183
94 453
94 311
94 483
94 255
94 409
95 581
95 487
95 490
95 131
95 587
95 130
95 168
95 148
95 496
95 188
95 200
95 563
95 206
95 559
95 210
96 499
96 159
96 250
97 488
97 355
97 511
97 102
97 119
97 133
97 571
97 291
97 435
98 647
98 186
98 230
99 435
99 561
99 484
99 349
99 319
99 279
99 636
100 197
100 623
100 637
100 438
100 420
100 188
100 450
100 455
100 554
100 144
100 130
100 310
101 194
101 443
101 597
101 450
101 329
101 610
102 624
102 385
102 541
102 318
102 179
103 623
103 336
103 105
103 231
103 567
103 162
103 412
103 256
103 482
103 507
103 131
104 299
104 265
104 354
105 332
105 598
105 560
105 481
106 438
106 475
106 422
106 451
106 444
106 471
106 641
106 275
106 459
106 378
107 435
107 181
107 393
107 139
107 257
107 369
107 233
108 453
108 242
108 303
108 418
108 450
108 202
108 526
108 205
108 474
108 588
108 606
108 260
108 552
109 264
109 529
109 588
110 332
110 340
110 238
110 194
110 227
111 376
111 546
111 609
111 373
111 560
111 291
111 550
111 288
111 162
111 388
112 387
112 427
112 318
112 186
112 652
112 262
112 498
112 336
112 595
113 433
113 197
113 339
113 277
113 406
113 293
114 464
114 586
114 512
114 134
114 242
114 303
115 590
115 233
115 203
115 388
115 555
115 584
115 335
115 462
115 346
116 412
116 308
116 251
116 540
116 464
116 257
116 259
117 201
117 438
117 338
117 488
118 396
118 286
118 634
118 130
118 487
119 581
119 508
119 489
119 253
119 219
119 265
119 465
120 265
120 244
120 432
120 157
120 598
120 241
121 608
121 251
121 146
121 597
121 338
121 307
121 616
121 155
121 443
121 334
121 658
121 503
122 610
122 639
122 200
122 630
122 372
122 382
122 263
122 543
123 202
123 394
123 347
123 209
123 560
124 446
124 372
124 501
124 439
124 162
124 647
125 611
125 195
125 458
125 350
125 203
125 260
125 158
125 485
125 413
125 202
125 637
126 499
126 336
126 658
126 259
126 135
126 358
126 494
127 395
127 219
127 433
127 285
127 221
127 450
127 463
127 432
127 620
128 393
128 351
128 198
128 320
128 440
128 441
128 401
128 558
129 526
129 256
129 212
129 229
129 594
129 257
129 423
130 643
130 375
130 282
130 564
130 604
130 240
130 598
130 565
131 543
131 297
131 473
131 593
131 403
131 255
131 613
131 376
131 393
131 144
131 384
131 544
131 597
131 229
131 392
132 628
132 602
132 470
132 422
132 512
132 520
132 335
132 264
133 265
133 605
133 326
133 268
134 512
134 229
134 263
134 627
134 413
134 370
134 652
135 476
135 591
135 187
135 545
135 300
135 302
135 322
135 536
135 205
136 561
136 497
136 655
136 560
136 507
136 189
136 309
136 150
137 318
137 386
137 623
137 160
137 381
137 203
137 570
138 459
138 375
138 638
138 508
138 192
138 456
138 596
138 227
138 314
139 360
139 187
139 471
139 201
139 168
139 519
139 658
139 148
140 141
140 314
140 658
140 260
140 216
140 355
140 357
140 396
140 650
140 529
141 588
141 306
141 311
141 166
141 431
141 435
141 505
141 495
141 484
141 612
141 567
141 301
141 151
141 559
141 548
141 342
141 386
141 587
142 522
142 368
142 293
142 257
143 438
143 505
143 366
143 305
143 252
143 471
143 655
143 210
143 523
143 233
144 257
144 438
144 319
144 264
144 503
144 426
145 554
146 275
146 594
146 222
146 436
147 354
147 510
147 620
147 581
147 519
147 307
147 394
147 161
147 241
147 545
147 628
147 565
147 195
148 593
148 256
149 532
149 549
149 356
149 286
149 354
149 410
149 399
150 290
151 569
151 202
152 372
152 493
152 547
152 299
152 304
152 632
152 260
152 177
153 563
153 632
153 210
153 395
153 604
153 557
154 643
154 192
154 433
154 453
154 399
154 499
154 411
154 639
154 603
154 194
154 338
155 597
155 419
155 338
155 369
155 279
155 274
156 375
156 355
156 276
156 576
156 218
156 268
156 362
157 585
157 451
158 624
158 497
158 528
158 305
159 657
159 233
159 507
159 181
159 437
159 319
159 401
159 222
159 229
159 161
159 601
159 288
159 358
159 562
159 360
159 348
160 535
160 192
161 378
161 499
161 254
161 502
162 335
162 256
162 209
162 488
162 406
162 273
162 429
162 544
162 539
162 460
162 518
162 181
162 269
163 450
163 379
163 467
163 262
163 301
163 555
164 235
164 648
164 630
164 412
164 401
164 387
165 441
165 231
165 305
165 405
166 349
166 421
166 520
166 173
166 371
166 264
166 248
166 384
166 419
166 617
167 387
167 454
167 291
167 232
167 203
167 544
168 237
168 348
168 385
169 616
169 346
169 499
169 638
169 462
169 527
169 557
169 420
170 228
170 188
171 220
171 586
171 476
171 428
172 266
172 509
172 611
172 210
172 320
172 576
172 591
172 367
172 242
172 420
172 446
172 521
173 275
173 604
173 266
173 291
173 569
174 655
174 209
174 593
174 283
175 339
175 636
175 455
176 564
176 239
176 305
176 265
176 429
176 233
176 270
177 182
177 576
177 207
177 252
178 605
179 241
179 446
180 597
180 239
180 264
180 358
180 377
181 489
181 257
181 350
181 633
181 345
181 206
181 386
181 546
181 244
181 431
182 558
182 519
182 337
182 450
182 200
182 487
182 447
182 287
182 562
182 225
182 348
182 618
183 265
183 498
183 247
183 185
183 343
183 214
184 569
184 283
184 414
184 187
184 336
184 224
185 565
185 186
185 453
185 225
185 401
185 304
186 296
186 622
186 413
186 567
186 421
186 374
186 236
186 654
186 330
186 549
186 305
186 464
187 530
187 427
187 511
187 513
188 244
188 504
188 569
188 463
188 587
188 401
188 356
188 395
189 444
189 386
189 328
189 253
189 580
189 435
189 298
189 305
190 300
190 443
191 459
191 649
191 276
191 261
191 598
191 277
192 537
192 392
192 636
192 364
192 390
192 336
192 359
192 224
192 348
192 615
193 324
193 327
193 656
193 468
193 252
193 432
194 363
194 649
194 380
194 642
194 200
195 623
195 360
195 644
195 384
196 329
196 314
196 306
197 655
197 344
197 295
197 394
197 470
197 458
197 538
197 334
197 289
198 601
198 471
198 279
198 357
198 647
198 226
198 258
199 605
199 375
199 449
199 543
199 315
199 519
199 201
199 244
200 488
200 619
200 407
200 298
200 221
200 473
200 435
200 293
200 390
200 354
201 385
201 441
201 390
201 462
201 597
201 616
201 452
201 537
201 367
201 426
201 527
201 260
201 230
201 383
201 324
201 464
201 404
201 564
202 555
202 565
202 386
202 241
202 410
202 367
202 437
202 488
202 244
202 255
203 391
203 310
203 472
203 380
203 424
203 266
204 459
204 274
204 511
204 279
204 416
205 567
205 539
205 354
205 262
205 335
206 358
206 641
206 609
206 532
206 387
207 214
207 563
207 361
207 394
207 503
207 329
207 365
208 643
208 448
208 258
209 487
209 238
209 456
209 488
210 445
210 560
210 281
210 522
210 532
210 382
210 412
210 325
210 212
210 572
210 302
210 457
210 228
210 357
210 625
211 552
211 557
212 291
212 510
212 423
212 289
212 495
212 371
212 499
212 530
212 462
212 292
212 234
212 280
213 621
213 474
213 443
213 602
213 383
213 605
213 343
213 620
213 543
213 296
213 645
214 525
214 632
214 351
214 401
214 298
215 280
215 308
215 542
215 650
215 235
215 632
215 336
215 586
215 625
215 261
215 347
216 396
217 468
217 270
217 371
217 375
217 388
218 250
218 261
219 224
219 444
219 497
219 414
219 453
219 643
219 428
219 644
219 440
219 471
219 302
220 334
220 645
220 452
220 248
221 263
221 521
221 531
221 598
221 561
221 580
221 563
221 361
222 371
222 257
222 604
222 230
222 496
222 331
222 402
222 484
223 585
223 572
224 595
224 620
224 442
225 228
225 554
225 454
225 390
225 303
225 347
225 401
226 453
226 451
226 401
226 383
226 350
226 471
227 364
227 563
227 574
227 387
227 439
227 646
227 637
227 298
228 314
228 321
228 284
228 303
228 420
228 428
228 461
229 541
229 567
229 491
229 310
229 604
229 287
229 248
229 423
229 548
229 642
229 437
229 439
230 526
230 375
230 495
230 287
230 340
230 499
230 432
230 269
230 289
230 443
231 523
231 517
231 587
231 310
231 461
231 558
232 630
232 570
232 500
232 467
232 567
233 544
233 647
233 560
233 596
233 297
233 265
233 269
233 276
233 593
233 324
233 253
233 535
233 259
235 319
235 511
235 547
235 635
235 512
235 489
235 379
235 613
236 296
236 513
236 289
236 655
237 382
237 255
237 594
237 512
237 383
237 350
237 518
237 240
237 380
237 643
237 505
238 569
238 361
238 606
238 575
238 240
238 250
238 252
238 407
238 264
238 303
238 314
239 337
239 284
239 393
239 568
240 529
240 425
240 545
240 564
240 488
240 518
241 348
241 407
241 623
241 361
241 604
241 351
242 314
242 435
242 584
242 633
243 329
243 369
243 421
243 251
243 358
244 631
244 544
244 528
244 330
244 297
244 652
244 361
244 350
244 348
244 617
245 393
245 480
245 577
246 251
246 249
246 393
246 379
246 368
247 591
248 602
248 425
248 440
249 391
249 462
250 319
250 417
250 553
250 284
250 458
250 279
251 513
251 532
252 643
252 425
252 570
252 450
252 386
253 381
253 511
254 430
254 389
254 469
254 649
255 462
256 503
256 349
257 345
257 625
258 378
258 390
258 656
258 522
258 526
258 350
258 395
258 263
258 310
259 435
259 407
260 647
260 564
260 497
260 535
260 404
260 291
261 328
261 313
261 266
261 656
261 393
262 569
262 394
262 370
262 619
262 418
262 425
262 522
263 632
263 325
263 555
263 317
263 285
264 407
264 584
264 598
264 649
265 268
265 306
265 344
265 289
265 637
265 410
265 543
265 604
266 569
266 617
266 325
266 383
266 475
266 608
266 620
266 410
266 501
267 625
267 397
267 632
267 441
267 535
267 641
267 399
267 422
268 556
268 419
268 346
268 513
268 426
268 357
268 535
268 494
268 370
268 301
268 323
268 291
268 606
268 372
268 295
268 385
269 642
269 571
269 576
269 450
269 610
270 555
270 321
270 286
270 552
270 423
270 599
270 371
270 457
270 370
271 457
271 518
271 367
271 429
272 652
273 318
273 605
273 497
273 522
274 529
274 477
274 456
274 502
274 459
274 633
274 285
274 561
274 471
275 318
275 558
275 619
275 610
275 395
276 408
276 490
276 362
276 311
276 523
276 372
276 289
276 436
276 327
277 642
277 485
277 591
278 501
278 570
278 381
278 295
278 648
278 422
278 623
278 438
278 452
279 384
279 361
280 608
280 396
280 547
280 369
281 396
281 594
281 470
281 384
281 380
281 461
281 482
281 646
282 310
282 305
282 494
283 543
283 603
283 454
283 568
284 351
284 429
284 512
284 645
284 626
284 605
284 473
285 631
285 324
285 415
285 565
286 528
286 317
286 647
287 381
287 458
287 374
287 290
287 390
287 545
287 519
287 547
288 385
288 564
289 327
289 563
289 361
289 314
289 520
290 442
290 565
290 298
290 349
290 310
290 468
290 592
290 382
290 401
290 566
290 514
290 538
291 293
291 504
291 576
291 347
292 404
292 618
292 418
292 308
292 504
292 623
292 374
292 612
292 435
292 421
293 572
293 359
293 639
293 432
293 458
293 561
293 397
293 522
293 380
294 486
294 520
294 604
294 472
294 317
295 596
295 409
295 452
295 427
295 428
295 356
296 611
296 496
296 311
297 421
297 627
297 475
297 389
297 479
297 310
297 467
297 587
297 368
297 580
297 655
298 433
298 435
298 604
298 352
298 367
298 418
298 657
299 346
299 582
299 401
299 497
299 430
299 309
299 382
299 486
300 303
300 565
300 336
300 398
301 432
301 352
302 330
302 327
302 453
303 649
303 334
303 525
303 419
305 574
305 449
305 321
305 632
305 468
306 575
307 645
307 635
307 615
307 419
307 433
307 480
308 468
308 368
308 489
308 346
309 332
309 583
309 558
310 618
310 639
310 328
310 582
310 361
310 508
310 511
310 348
311 371
311 476
311 490
311 438
311 335
313 646
314 599
314 347
314 418
314 496
315 448
315 596
316 408
316 327
316 580
316 589
316 484
316 602
316 445
317 350
317 343
317 623
317 442
318 616
318 478
318 382
319 503
319 364
319 646
319 636
319 347
321 526
322 577
322 634
322 436
323 492
323 595
323 440
323 338
324 412
324 512
324 335
324 506
325 565
325 411
325 444
325 451
325 447
325 513
325 619
327 583
327 383
327 643
327 579
327 481
327 504
328 453
328 426
328 540
328 408
328 370
329 549
329 430
329 502
329 531
329 645
329 560
330 567
330 439
330 421
330 458
330 413
331 495
331 562
331 560
331 416
333 400
333 474
334 345
334 608
334 396
334 555
334 452
334 465
335 467
335 438
335 616
335 498
336 468
336 635
336 376
336 575
336 393
336 569
336 413
336 566
336 417
337 459
337 419
337 591
337 455
338 652
338 537
338 623
339 363
339 392
341 486
341 396
341 411
341 655
342 564
343 608
343 485
343 558
345 592
345 602
345 529
345 488
346 492
346 538
346 606
347 579
347 598
347 512
347 369
347 528
347 585
347 349
347 450
348 359
348 519
348 471
348 573
349 467
349 564
349 508
349 392
349 475
349 471
349 359
350 476
350 629
350 403
350 351
351 452
351 355
351 435
351 607
352 651
352 421
353 368
353 557
353 601
354 625
354 647
354 588
355 576
355 423
355 530
355 646
355 652
356 387
357 408
357 426
357 423
358 411
358 468
358 623
358 611
358 636
358 655
358 639
359 547
359 460
359 453
359 475
360 438
360 408
361 370
361 494
361 412
361 456
362 540
362 422
362 468
363 625
363 449
364 467
364 370
364 569
364 576
365 405
366 448
366 633
366 450
367 596
367 547
367 605
367 473
367 507
367 561
367 604
367 484
368 484
368 564
368 506
368 461
368 404
368 374
369 488
369 370
370 519
370 553
370 560
370 484
371 393
371 410
371 485
371 452
371 391
371 626
372 585
372 614
372 510
373 611
373 431
373 375
373 459
374 567
374 648
374 656
374 517
375 471
375 415
375 535
375 602
375 567
375 420
375 575
376 577
376 392
376 549
377 575
377 466
377 521
378 581
378 382
379 385
379 471
380 639
380 649
380 609
381 489
381 544
381 650
382 417
382 537
382 507
382 405
383 557
383 395
383 450
383 424
383 633
383 545
383 540
383 518
384 465
384 396
384 433
385 462
385 564
386 453
386 442
386 481
386 609
386 571
386 575
386 388
386 653
386 550
387 591
387 565
387 658
387 459
388 442
388 399
388 453
388 575
388 436
389 653
389 556
389 421
389 604
390 462
390 440
390 587
391 546
391 432
391 504
391 642
391 630
391 635
392 479
392 564
392 635
392 457
393 485
393 395
393 523
393 499
393 408
393 432
394 609
394 640
395 401
396 530
396 511
396 610
397 413
401 449
401 538
401 406
401 556
401 649
402 658
404 591
404 573
405 456
405 599
405 551
405 462
405 575
405 437
406 499
407 459
407 604
407 473
407 544
407 536
407 464
408 550
408 575
408 599
408 417
408 434
408 656
409 410
409 441
410 587
411 514
411 585
411 594
411 535
412 535
412 606
413 584
413 655
413 428
413 491
413 460
413 600
413 598
413 554
413 616
414 604
415 468
415 584
416 471
417 450
418 601
418 423
419 441
419 646
419 517
419 619
419 573
420 453
420 567
420 480
420 508
420 603
420 587
421 547
421 529
422 568
422 480
423 648
423 527
423 482
423 587
424 459
425 466
425 454
425 610
426 569
426 596
426 517
426 613
427 639
427 617
427 656
427 590
427 518
427 457
427 529
428 607
428 503
428 613
429 591
430 555
431 582
431 604
431 480
432 483
433 451
433 503
433 644
434 468
434 502
435 601
435 646
435 492
435 579
435 564
438 452
438 571
438 656
438 550
438 637
439 456
439 471
439 472
440 572
440 637
440 483
440 459
440 528
440 609
440 521
441 567
441 470
441 599
441 632
442 533
442 594
442 564
443 639
443 616
443 510
443 485
443 499
443 579
443 604
444 536
444 455
444 654
444 585
444 452
445 647
445 604
445 492
446 631
447 555
447 460
447 598
448 648
448 452
448 610
448 560
448 583
449 529
449 465
449 615
449 544
450 624
450 562
450 517
450 647
450 613
450 598
451 591
451 640
451 655
452 580
452 558
452 613
453 517
453 649
454 462
454 603
455 473
455 658
455 566
456 495
456 600
456 465
456 471
457 535
457 528
457 655
457 502
458 473
458 528
458 648
458 568
459 575
459 572
459 579
460 543
460 550
460 537
461 508
461 625
461 645
462 602
462 604
462 526
462 629
462 490
463 630
464 475
464 643
465 538
465 533
466 573
466 617
467 557
467 542
468 489
468 580
469 586
469 605
469 554
470 649
470 619
470 611
471 528
471 558
473 640
474 513
474 496
474 507
475 624
475 521
475 632
475 502
477 606
477 640
478 531
479 641
480 487
480 491
481 516
481 501
482 506
482 552
483 596
484 598
484 505
485 617
485 545
486 528
486 635
486 498
487 613
489 582
489 533
490 553
491 517
492 584
493 534
494 511
495 569
496 499
497 503
497 639
497 629
499 588
499 616
499 505
500 598
500 507
501 571
502 558
502 656
502 523
502 555
503 588
503 586
503 616
504 537
504 619
505 646
505 565
505 581
505 511
506 577
506 620
506 641
507 576
507 648
507 530
507 550
509 656
510 513
511 641
511 512
511 579
511 581
511 592
514 520
514 535
515 527
518 655
518 590
519 552
519 646
519 609
519 555
519 548
519 521
520 525
520 595
520 609
521 545
521 581
522 570
522 544
522 540
523 650
525 591
526 531
526 550
527 557
527 611
528 616
528 574
529 604
529 564
530 617
530 571
532 595
532 624
533 544
533 601
535 563
536 646
537 637
537 567
538 591
543 619
544 581
544 635
544 628
545 657
546 594
547 572
548 639
548 658
549 656
550 623
550 642
550 657
550 656
550 559
550 556
551 656
551 620
552 556
552 597
553 639
553 643
554 613
554 586
555 561
555 601
556 596
557 611
558 631
558 609
558 607
558 587
559 601
560 601
560 596
561 582
561 562
562 600
563 618
563 630
564 574
564 578
564 645
565 591
565 636
566 592
566 655
568 639
568 582
571 588
572 604
573 623
573 591
574 596
575 605
576 608
578 601
578 580
579 656
579 636
581 623
581 582
581 651
581 629
583 605
584 631
584 616
586 655
592 657
593 623
594 617
594 645
595 598
596 624
597 604
599 637
602 645
602 609
603 616
604 613
604 632
606 635
606 650
616 646
617 656
618 639
624 658
632 647
639 646
643 656
645 647
